VariableName,Electricity:Facility,Gas:Facility
KeyValue,,
0,858255934.6061285,139257793.72769204
1,857021935.3558158,123050483.79498857
2,850100854.9692715,142548869.18599585
3,837384793.1987469,224760283.32014987
4,829050465.593317,248502002.74039808
5,970083294.4663837,101420610.54084468
6,1075812708.7291098,155144289.2755343
7,1171898055.082706,197223715.28623194
8,1211066372.2154229,150995526.38015267
9,1062589480.6475053,159838654.8662581
10,753795139.054312,330909833.8448753
11,751119775.2567102,361686190.68373483
12,768104047.4789002,371035638.4711178
13,772196524.628043,360573161.1852369
14,812772992.7138723,239664694.0163763
15,837139820.9750305,283413664.27482086
16,1103392996.1601934,116574543.53640758
17,1242083651.577241,72001713.20799635
18,1243086561.5347364,83914402.4580967
19,1147721370.254877,148198039.4935684
20,1142977625.486586,167470181.63357377
21,1046801425.0155855,124420674.03055781
22,1006565879.5366498,50043387.13125649
23,887840987.5523884,-201001507.46035147
24,1027487456.4018553,-14612714.677568763
25,1028592467.4081166,429915.3681443331
26,1021912844.5792382,-14686916.644135294
27,1020305939.2609729,-26658894.720462814
28,1067065407.8627521,-126046609.17424795
29,1213239841.7010207,-63296479.44781791
30,1437528431.4437294,3430402361.7062387
31,1763506678.2907782,3469945462.653856
32,3666397104.7784224,2242091694.51035
33,3513732214.0281096,1954989736.4592311
34,3372403010.9403386,1785013400.2226005
35,3330760368.908106,1665949797.6342566
36,3187481141.2288947,1778146444.6990242
37,3357064568.962923,1726075942.1312213
38,3369721935.8104053,1707573463.5267785
39,3332520425.7995195,1792000388.3391519
40,3576060697.6835456,1960359921.9219186
41,3230902204.282655,1823482027.5955238
42,2565754509.9013376,1952216256.0912418
43,2467020423.345472,1815592976.3560066
44,1968966850.5346265,2314419333.950816
45,1914639954.4596252,2322006121.297114
46,1176761298.4967124,4956599.063832975
47,1075132620.848348,106109156.36948483
48,1047693271.525887,72121018.33071117
49,1033546740.6728296,114354668.0366255
50,1016968412.3794664,116876443.6944969
51,1012220098.5453098,148099467.27327657
52,1060913687.8746511,33816799.236650944
53,1234105886.8426292,-28108742.949552
54,1447237169.2081873,3729741097.0084915
55,1818488005.184373,4059507730.894845
56,3681473967.735034,2729756839.6341105
57,3550159981.2913203,2377399344.27955
58,3399431056.468246,1963915796.5550284
59,3341623674.470136,1556091603.7217257
60,3148680809.63166,1077073170.1137476
61,3328883888.703771,892216429.6994855
62,3419952664.3369102,660909621.9497051
63,3436271786.0090528,649105325.7684128
64,3597995992.104352,768888396.4443476
65,3278433229.949159,977220602.163531
66,2609462193.971512,1059980892.6091992
67,2509997847.677014,1038150237.5631694
68,1991539793.2436354,1440840672.7684329
69,1942397381.0596519,1518327531.2960541
70,1110854632.1852968,-109877127.69508821
71,999876239.9095277,62336179.59244519
72,1055396013.6420511,-105366812.08025983
73,1054560577.5218594,-135527001.60851303
74,1052416982.6976905,-136193364.36709088
75,1048838349.7251233,-117483556.73841813
76,1054607674.0469354,-138006220.2561477
77,1269581520.0894415,-120811005.70974475
78,1426356713.9357722,2759764624.142798
79,1772498775.6475496,3001178539.9562263
80,3680572104.4264884,1989089904.918115
81,3539520032.756796,1486594914.799825
82,3349775107.640966,976817219.9041079
83,3399717853.2179623,598773113.38797
84,3258135945.6411643,387297144.93822527
85,3398067366.040672,485424880.90090024
86,3504684233.481136,340661208.9511603
87,3536801614.300076,327618758.38657147
88,3663737820.5780015,387237856.1119981
89,3346930556.6063604,388316694.5082546
90,2598105605.029301,536650790.4963136
91,2516066182.213068,671698369.6474007
92,1995670053.0528207,1022403052.5702044
93,1937871369.853186,1255408139.6430197
94,1118614311.8914783,-116010429.46099435
95,996058258.1789248,29609474.98530257
96,1068297122.580132,2233677.8789454564
97,1068647183.3187567,-25539317.989620738
98,1062226415.6444938,-35042989.472220406
99,1061465666.1778741,7115003.326606491
100,1082802325.1036377,-71553994.37425612
101,1247923093.4867594,-78160151.80945878
102,1421512449.7184381,2726881513.4296575
103,1755650521.001512,2849177993.8554683
104,3678967922.9744124,1850608666.1376746
105,3534221673.685744,1251752237.8490973
106,3386982460.78416,895214698.3779558
107,3447388674.726623,469333966.2098698
108,3312601055.9585996,306905497.6606024
109,3512314222.010056,394309230.77876246
110,3646239352.7126307,277684835.97372836
111,3724044218.0046315,322258393.7724
112,3802032548.8644657,364665545.1354332
113,3418502688.8577976,443945254.11994874
114,2616266587.4451814,299581690.8134597
115,2527192384.795672,328226196.0540524
116,2006389433.0400853,424968101.1705584
117,1940914016.2530596,446531774.63100076
118,1143325753.158883,-12759120.453926392
119,977378862.5206033,-92017732.80088875
120,1019466812.7414281,-43395075.53251792
121,1010128872.2452925,31890457.98696295
122,993929073.4855628,-28348080.665242087
123,1022509810.6079069,-92588796.95534685
124,1067269082.7603756,-67635112.08117862
125,1264673288.9499896,-48654685.51561617
126,1415281298.277597,1946239360.4313338
127,1744877015.1570704,1624572380.4248993
128,3698010207.902443,1032144970.5631034
129,3536509018.351376,900772571.1678411
130,3370801992.687708,856923573.7485837
131,3356859839.6654844,770508836.4495138
132,3166793597.1893234,780862920.6665868
133,3338791820.1666384,774454998.8773584
134,3420235770.687274,722715495.278063
135,3426902740.718371,728384307.2826679
136,3610151816.1064353,747793577.5667692
137,3257242781.131094,905959434.1248937
138,2573463226.9497876,907559141.2276368
139,2520756855.5239973,827385007.5578903
140,1982044395.7084398,922348247.887581
141,1918882332.11582,882538165.3543764
142,1094655536.358777,-115098909.22464274
143,1044888392.2843262,-55941027.64434537
144,768496635.6767354,-61475621.385896064
145,820145707.6878994,-146614375.84812582
146,821400092.0013046,-146236091.3126886
147,820578011.6121045,-158723118.33341908
148,970463054.1331346,-203765166.97982454
149,932817114.6001698,-184530853.2933629
150,1363290776.459632,1206682181.597664
151,1407832490.783578,1002228847.3072333
152,2238305902.5120835,579843246.0055091
153,2096101635.4444022,569967837.2198164
154,2002749644.87824,525725642.1247825
155,1995264987.7905064,577387306.4062091
156,2076524594.076796,572947555.4066449
157,2127000470.5603201,448221324.3109103
158,1273093198.6737478,617480738.6058613
159,1383481829.9862516,427418221.00777483
160,1484081764.88165,255045233.99807128
161,1478360942.951334,515681460.2386639
162,908109363.732118,-419137829.8797028
163,1238746300.429037,-260458379.31769633
164,1163285541.6593833,-51932666.50923177
165,1037332211.7424657,9029341.316996954
166,913544091.8459274,-184557769.69299975
167,964456489.8529172,-139864906.77161327
168,910638517.4220212,-92133400.57230128
169,902923649.707983,-102977799.7449217
170,919885252.3341476,-57681863.97761703
171,896847846.5065717,-106927235.78893836
172,910956067.4996792,-203326502.41276947
173,1044924593.3446457,-68334211.00147703
174,1215034605.9196825,-63886457.82904788
175,1300478246.4057293,-150357210.3381729
176,1230979239.9241495,-205004048.83338144
177,1117743377.644177,-115523024.3864887
178,779140098.8773102,-360314584.61921525
179,790328335.3157047,-213987579.07975492
180,801326428.3207699,-76767046.26068518
181,782735250.7803146,-275757806.3653505
182,828440319.566959,-353490913.57613623
183,986174665.778457,-655572939.2305691
184,1036644743.0629979,-580089170.0651139
185,1177830284.1759565,-232992739.6341729
186,1185109860.4996467,-142502713.9360274
187,1297220853.910173,69449747.53431605
188,1032804794.6695797,205228798.03229186
189,979177317.138618,255444978.90619197
190,924620561.9039176,1377445.3823885205
191,934414706.0534015,139851409.46022427
192,1086075182.1298158,236569308.0581352
193,1093469688.0333557,210942713.193045
194,1064481425.3824619,203562891.13584718
195,1105499686.9908326,257735055.28610805
196,1044946911.4740661,552927937.5740209
197,1138423672.6850193,507554526.22397757
198,1408682688.5011814,4008620094.970544
199,1833902100.3485248,4298296570.273417
200,3735058654.2068315,3335027373.2091303
201,3574153200.551316,3080568460.685201
202,3386548048.0603247,3134949772.535343
203,3333101224.364356,3172731667.982396
204,3193368382.596699,3004337943.2973876
205,3333247434.472055,2923241377.337383
206,3407456093.461236,2748406630.9662957
207,3405294573.84021,2738440288.3980455
208,3593390022.2452383,2944216163.621986
209,3291985342.906434,2851883092.018975
210,2594512122.592671,3237592188.934409
211,2478884705.79867,3028775124.286632
212,1923877726.973323,3367672601.1471014
213,1879218447.0699897,3618590188.4431295
214,1160809986.6267495,-142656210.16098368
215,987163692.8050535,-321670636.913522
216,1019400385.5530747,43206257.88835899
217,1032618868.835511,85707980.38525143
218,1014474756.8166728,147543679.99428803
219,1013065551.4637452,162922401.3003319
220,1102761059.2043228,238871751.43247905
221,1338438748.5502093,248421617.27661768
222,1443665214.101116,4626150230.176119
223,1769326438.0704143,5471818767.34584
224,3711027300.8201885,4062423067.9636235
225,3585912043.0230007,3676515735.4022145
226,3395837661.898267,3199954878.2016225
227,3408684820.7124734,3168548350.2496424
228,3242214113.0326996,3017297825.987415
229,3392309991.5834312,2681773992.4598107
230,3427446283.823073,2260944813.7803326
231,3431735758.004343,2101544440.1902142
232,3665713150.765005,2332664651.8181877
233,3300370633.1695957,2351547233.6337185
234,2591684222.2884793,2815167304.2386208
235,2462693342.237461,2655764748.2377205
236,1956440932.197431,3172757856.9117723
237,1888249381.4866185,3316337934.7477503
238,1138758268.893022,-161283086.17996442
239,1001502475.8910705,42056854.87683821
240,990745488.977066,207204970.9948211
241,987540465.0056616,214478218.65886208
242,988796606.6520921,218147578.6526031
243,991440689.9218448,215347545.62010723
244,1035023603.3472283,97622124.57587269
245,1313410811.6049616,-17752476.32169768
246,1411478605.3443136,4276501925.00528
247,1811211240.5935233,4570293699.571554
248,3702321912.3464823,3141654502.190838
249,3591887853.9752765,2674522205.168453
250,3403573441.875305,2236619663.211199
251,3353519325.317835,1938773696.883402
252,3224798898.819399,1898834488.3789666
253,3334163883.6447096,1778278844.2864273
254,3388649642.6251907,1615232389.7509022
255,3381029583.0278635,1562289286.6056821
256,3595771647.827674,1745391732.486854
257,3261100742.1880207,1666359363.3908935
258,2596796919.1254163,1825698993.214264
259,2480865747.3180056,1692461360.0711918
260,1977215771.7550304,1970212051.6592767
261,1921240145.8357637,1966613256.2808
262,1142465187.1764305,-82136504.25311232
263,1071342580.712846,-9109402.157217687
264,1034785308.9890078,-17296352.46839165
265,1036344414.848987,-20926429.068068035
266,1056792390.4638946,-11154321.059360037
267,1044533938.2131383,60956895.97862025
268,1071676649.7209413,-89211880.00630923
269,1253815782.5869424,-216122704.29419383
270,1420088307.0347962,2776987482.5590982
271,1791058496.9268534,2981689611.678605
272,3667487002.720667,1955603721.359056
273,3534022479.9873347,1875073854.7319465
274,3386540315.795014,1762488011.0778348
275,3354329104.3758583,1698040693.2337606
276,3179042340.175115,1776524913.4884675
277,3340238193.1130495,1740275797.8801959
278,3344223472.9476533,1836393533.5132303
279,3339529812.1705813,1993581670.0413017
280,3583738485.6707516,1896280704.0296352
281,3206203152.213078,1800486328.9273734
282,2504188895.495483,1751866945.2751746
283,2424674320.903241,1722823786.331852
284,1923254752.415881,1909096547.6080918
285,1878537304.7894127,1892950708.912397
286,1155475075.0287728,-54751613.7684995
287,1051141158.9213775,156925863.94339153
288,1041670891.2484425,76568771.50314032
289,1034574780.4925859,102881370.82384071
290,1034817643.916672,73818570.18348569
291,1034298527.7410207,100640034.95137519
292,1059036153.2705013,145997078.22055817
293,1241173001.6035695,58444941.16926503
294,1436657848.6630332,3197132111.7234874
295,1806124464.4187083,3233076417.2926273
296,3662606713.176316,2094632017.7753594
297,3541310755.1094995,1969989082.024447
298,3380897167.9844127,1885438851.0029263
299,3331014567.1302047,1820134936.9271648
300,3173831408.422068,1669973799.37997
301,3343287956.711675,1639504071.2558928
302,3400124500.0799994,1521165029.0469635
303,3389659054.71488,1545575657.3717012
304,3602387830.934342,1765430264.54625
305,3255499067.4368153,1821375273.7212427
306,2574664891.272436,2154367147.007329
307,2466397800.2546344,2054206131.6666787
308,1981856185.3414383,2458940394.568694
309,1933593142.603277,2468899098.6992087
310,1138829968.080451,23622031.006617896
311,1057725885.7668939,76902680.35268971
312,845702250.4071345,-60543731.98225169
313,844239446.3969376,-62230008.04598913
314,840551507.3102014,-65828803.42446591
315,836830530.362591,-75362301.18774427
316,921998621.0302826,-106136475.61582248
317,1028802995.9045385,-39969418.076029725
318,1448326012.7506166,3658427187.3759713
319,1486060873.3346577,3661454191.1297293
320,2287343401.9144616,2729016274.908966
321,2149981817.464391,2633368485.064186
322,1966793908.2489362,2413567710.688911
323,1960029230.501637,2316295479.7525325
324,1969310057.6744528,2274916971.3377843
325,1972524922.7107985,2255703026.8186154
326,1153963417.1604748,2857575910.542175
327,1160331992.0438883,2873562069.5156994
328,1360322289.5134227,3410412570.1542935
329,1261103969.842456,3391997751.7162356
330,1094129918.0509324,335669671.7590401
331,1050920965.0933169,434555067.9979803
332,1056880081.3818532,372911784.2728343
333,1041973855.4619913,65422472.172430575
334,1047430023.0387083,114146247.80700481
335,935413749.8782415,-31439829.272180893
336,861279601.8093297,209345915.97134367
337,855041069.5697827,122419039.6089126
338,863319865.4516155,75923869.11724591
339,862390236.2812717,151334527.52152523
340,986482901.9910815,-77801508.97105388
341,1033507727.8796695,50930537.11388282
342,1156168694.373829,245923848.13734135
343,1241859943.08313,207886246.8937383
344,1246088437.808425,182771063.6217488
345,1110207757.8987117,161444181.7310849
346,794921300.9104315,326793079.6409537
347,773822760.6095859,333869910.3346715
348,805603073.9709562,421835614.229034
349,799372976.9299303,347572540.1606243
350,790906146.4143986,452715271.8448784
351,760590745.8628552,378720634.302577
352,1088838764.045284,311052078.1452027
353,1184648560.5805252,364692097.7999398
354,1174315618.1255074,347479423.96728593
355,1087776280.4982333,342558815.1255603
356,1063056404.0323074,287879240.4686312
357,960484038.5493972,330351136.6848449
358,885366486.9195697,167075165.28214607
359,825448284.3582118,271071040.1007909
360,805385516.1424334,340634656.28665364
361,822252047.0519334,282127860.58946455
362,855244217.2674987,164546114.9216701
363,858823553.173276,88954680.15766741
364,839078159.3018532,-137741421.08134165
365,916095036.4653434,-236985823.89381692
366,1078903857.5204797,-213497991.5944679
367,1148136452.3154352,-82051390.23263894
368,1173901414.731462,-28636158.888382737
369,1052963864.7351404,-45527290.865915015
370,861215459.1539091,-98768656.81792219
371,872280682.2805378,-124455631.71463026
372,843455324.4010825,-149423138.52374715
373,853009592.5926231,-60657944.813143305
374,765805104.4153014,26820717.741843764
375,764490970.7790385,121410765.82792032
376,1078801405.005109,9280318.556854341
377,1187180701.736571,42665020.01457959
378,1185533729.2253308,60716467.057539485
379,1107864705.7761798,-2878619.376410419
380,1105051039.8694928,15776991.717858344
381,1016736092.9535317,-12052019.360762974
382,950717835.9950144,-125462450.55510162
383,835598639.9119086,-113821471.44728167
384,1038117212.4048336,-29237049.32351955
385,1028715480.7198822,37657842.21185963
386,1033485234.0169467,2547945.03146253
387,1045806598.7900059,-36555400.143708825
388,1089592308.4465003,-232044118.41453803
389,1273882416.9353762,-235882251.50870487
390,1411707937.3041055,2679157281.93295
391,1787221008.7996705,2841511912.250781
392,3684784080.221347,1947377851.3889477
393,3515625213.1628814,1787933829.583202
394,3389272968.649238,1610609316.2457032
395,3364949370.7805004,1400608657.4841638
396,3180857928.790126,1288601516.422245
397,3355723372.3980713,1226598134.9181733
398,3385058884.0547495,1086320408.3295364
399,3381607833.4598136,1041491508.4694446
400,3544291191.9202805,1199920709.2618542
401,3261848223.7903,1269940813.036153
402,2596590081.0283475,1352396657.1778204
403,2491501741.8532233,1264818694.932281
404,1966769832.7864907,1669287067.4540994
405,1916171294.4578059,1748659165.161693
406,1109286739.6601915,-107280786.33552007
407,983652541.4206548,93544290.03088552
408,1030666120.3778815,-30719633.714329265
409,1027486050.5354352,-8611085.028805196
410,1029235299.8287437,-25083194.136314705
411,1030494253.2080146,-47201199.935224704
412,1043091519.266034,-137564645.8080508
413,1262834064.2057896,-154213530.18885118
414,1394004915.8745987,2451633683.2726717
415,1781027815.7521744,2690602571.540707
416,3674237973.2703695,1995780448.9035306
417,3569038043.4481435,1886920707.9234755
418,3388731095.01091,1777255293.6299653
419,3362595511.059863,1737495406.5447323
420,3216516764.0048184,1855192092.5136788
421,3341023808.8419757,1817915425.162513
422,3380387365.673795,1759649785.8566651
423,3358689047.6114407,1859900280.0393512
424,3581121245.662959,2092514715.5823016
425,3228018157.188308,1994769628.9766266
426,2555749925.122083,2035761850.6830726
427,2446953788.997038,1907585955.6122546
428,1954772871.689888,2367509386.0886483
429,1888922440.0352795,2232597116.406006
430,1178471183.5302558,191519257.23886472
431,1055962577.8093835,331148444.0903049
432,1022258687.7186023,239622500.74126983
433,1018732774.7367918,274311192.64086276
434,1015590663.2876904,288589251.4428364
435,1018233340.691023,278154054.2917226
436,1046570335.7227685,286465765.7525648
437,1180295295.210439,247462447.73820618
438,1389607365.7122767,3014863346.760798
439,1769537142.3001387,2979595224.798752
440,3622389004.627586,2694219189.940565
441,3554936763.9204855,2569063023.920901
442,3390467603.639786,2420649633.6744523
443,3373232032.7949886,2359396274.0089107
444,3222450442.8978143,2254213531.4603314
445,3321822661.0084653,2417393476.78865
446,3339956756.2290597,2354199590.203342
447,3291000797.0790524,2412883524.908952
448,3616346415.0203514,2511650343.4954376
449,3272167107.5811157,2537910564.9573855
450,2581700637.6388764,2854819889.4604363
451,2472682901.8193502,3041311983.020204
452,1971331517.8533685,3592986872.6263742
453,1886478868.4637048,3716410204.485632
454,1142910495.3650224,-329842310.34922636
455,910116589.5135294,-111489929.26251958
456,1091434872.1234481,536255774.14488584
457,1092850228.141964,561191272.2625427
458,1087564346.1353912,557218557.1701914
459,1097877782.1938288,613809923.6715994
460,1128534281.0855682,732654557.7115457
461,1338106964.0750468,924530658.6689495
462,1456583544.902844,5601075683.223696
463,1728640312.403811,6754864612.944766
464,3718803675.1901097,5409633882.011785
465,3588502879.102089,4991459242.312711
466,3410057385.671825,4280196746.458137
467,3420283658.0122113,4039614329.15241
468,3178976879.5199256,3760848634.6834235
469,3382848554.508948,3715324636.989466
470,3387613519.0735183,3386991301.383776
471,3408391697.5638657,3310881544.0591984
472,3634389656.123542,3631017381.034938
473,3256553115.7853446,3800008358.8037806
474,2581726734.034301,4304561180.421336
475,2520159450.162072,4449406329.040247
476,2011199253.5301247,4994167614.092389
477,1921468423.3957403,5186348525.088924
478,1176186826.3307664,-20449936.047469232
479,1095418570.3583295,404488358.3981957
480,861646181.4783916,973490862.138172
481,866257071.8699757,893526603.6385671
482,861534942.297895,890211521.6616683
483,850518397.2960649,816851965.6567452
484,917270340.7926135,1053996722.2466865
485,991593402.1617368,914601053.3488528
486,1432592961.6423864,5322520409.527547
487,1381682672.435027,6107317167.91678
488,2266357330.92723,5680671841.77151
489,2126567463.7029047,5432474265.779327
490,1952694298.1876523,4663813911.705848
491,1916462836.0066907,4207681783.425604
492,1907557023.7014577,3690810526.0201783
493,1910701595.4167945,3456463983.7870817
494,1121192143.70618,4096417389.499611
495,1122183279.5324068,3987545645.260258
496,1345004320.4657505,3968558671.462352
497,1307391770.2602649,4526925559.994458
498,1251283289.9642913,377817843.7093509
499,1201079800.099677,489999577.633779
500,1203563438.8642268,675799119.5055922
501,1156986029.9638608,524572601.76195943
502,1080296368.2096674,852903209.3541726
503,963661120.9257007,883963643.3297403
504,888752340.4592699,506793228.59641016
505,884209634.5890645,443811035.8568946
506,873726440.16039,284645635.16090345
507,883232205.9604346,285709560.4168206
508,926474548.2455294,662200154.1917545
509,1008004080.8844936,556606027.2108873
510,1170521008.9241402,378329982.77271205
511,1285656723.937683,621442905.3794359
512,1357329024.1715577,323308497.09336853
513,1326532465.837708,235668699.87569043
514,814709222.2410647,577353479.0390979
515,819497954.7348015,217090564.36416027
516,836024265.970618,117864348.3081964
517,847961126.2777581,321518556.5175161
518,796025608.9834826,264774057.52628213
519,725094727.55295,331495447.4045425
520,1003169306.2654959,95388427.14114195
521,1142599798.8861628,18001232.039203145
522,1132565427.3121307,-39095726.29322184
523,1030935519.5306485,-114055716.87114857
524,1051067878.1342257,-164256257.13444886
525,988477474.9747113,-71685666.49139869
526,936692385.3873949,-116306509.85700002
527,855080433.8295478,120984468.255293
528,1102127892.1153343,-31730817.37636337
529,1106952122.7361808,-78306373.33181047
530,1104682702.867406,-21602976.410292294
531,1104458115.706782,-8125862.365080917
532,1100061444.2109728,1133015.3748752407
533,1248274560.0918043,138221876.07680243
534,1417742267.4461215,2365308788.5507684
535,1721781793.0729647,2567091579.5150647
536,3657961203.324135,2091936376.725239
537,3507768924.0736384,2107632638.799972
538,3380316545.1528788,2142482829.0973864
539,3365606789.0652366,2181583991.8617764
540,3206169499.285645,2202850129.985692
541,3351896955.4689474,2194008820.1752377
542,3334290763.089131,2340001916.8651485
543,3312490871.177918,2577998904.8652143
544,3655537226.0157914,2669789283.6539254
545,3296450374.6569247,2623613472.606599
546,2593512551.567923,2959667268.218945
547,2470305230.2362213,2920488629.8718166
548,1965247630.9200413,3520167827.02497
549,1884160770.4701312,3484309362.9465632
550,1104914846.5600379,-411698718.9962778
551,949624247.6534172,-331789748.2364676
552,996971016.9522265,45804781.6587085
553,1020963884.7456169,119139603.6747761
554,1033591025.4650652,314620319.7727403
555,1040247451.4980106,512348191.5052536
556,1110017438.73208,621344696.8942744
557,1330760081.8964906,784998589.0972803
558,1428079778.9670048,5345832557.758995
559,1705766162.8142784,6222634298.663775
560,3689391895.2801366,5160189058.25805
561,3616035191.341584,4498730449.507263
562,3408102089.081309,3869788942.9948244
563,3434857132.923747,3836597384.89125
564,3210872737.5277047,3554877615.562116
565,3415284836.355309,3413719286.223197
566,3382129585.6350026,3162953558.344039
567,3366436250.253143,2813423921.759437
568,3666439017.171074,2821444281.3809667
569,3285767371.463282,2947765491.022752
570,2514275547.7270155,3981389610.048713
571,2399856560.9878106,4533603373.250317
572,1991377942.8720121,4991374855.762498
573,1946705482.9709897,5430510823.546356
574,1221167170.9778085,398550746.1323523
575,1033161533.2737004,866642940.1634086
576,1148940080.7078702,1613709794.4957676
577,1146430257.6812446,1674356807.6992188
578,1126553942.4994426,1657830865.7924354
579,1115902922.7668593,1697899200.268102
580,1151299124.5609317,1644563626.9173656
581,1338090796.6112149,1891120393.7370892
582,1521960902.507062,6027496948.528747
583,1848580751.6416202,9023461433.149275
584,3799160231.968062,6966545546.140394
585,3523291710.2854004,6745023395.261315
586,3451961562.791537,5887908136.276762
587,3497678405.7094502,5592767609.114156
588,3221567383.052639,5341733990.311585
589,3460551055.1522293,5068223904.7392645
590,3489367099.166651,4796636341.197764
591,3474824816.916313,4833069870.517061
592,3640867185.6545196,5212219549.961528
593,3272828260.198531,5191251310.909268
594,2613820028.407464,5676013849.693809
595,2475917448.9855785,5899332692.982096
596,2003599491.1292388,5568195482.391597
597,1927485883.1407142,5597033130.9863405
598,1194310026.0866046,183615656.59413844
599,1104370424.7888234,663274991.5015785
600,1093734518.120257,1385646412.902231
601,1100339630.0288658,1329198358.0421329
602,1111512577.669941,1398440432.372874
603,1122251991.253693,1566519526.170235
604,1175694421.6170986,1872540803.285038
605,1372162320.7708728,2041909701.8541877
606,1503679015.5790462,6616694003.965541
607,1793493984.766512,8240927857.473765
608,3787445454.6219845,7113299758.590308
609,3616654585.3329873,6575394062.3389225
610,3435912850.738651,5340632236.602124
611,3454699575.511488,4620176971.867514
612,3215788964.5324216,4116966241.946717
613,3441074401.433689,3796262432.5651264
614,3420145795.2363825,3504591051.940517
615,3423419706.662376,3535935381.185228
616,3644917135.344452,4040831386.8981533
617,3294530664.060169,4128221298.0813646
618,2576508772.949153,4253314901.65863
619,2420436248.7129583,4361566841.2360735
620,1947769723.8510656,4699819688.511996
621,1893563029.35499,4830271110.557522
622,1102949972.5045345,61363915.58934549
623,1022449885.5517467,440145313.21445584
624,1109184814.3447285,1251440516.8424916
625,1102199064.102856,1386480821.2909741
626,1091203431.364026,1419006016.6359706
627,1091303423.6131613,1463399889.2803094
628,1120292740.66387,1470358142.321573
629,1316295298.032565,1624236289.1645687
630,1438266335.5810213,6417087826.753975
631,1761146931.5045066,7778643786.002192
632,3789828573.9374914,6650938575.271126
633,3575922769.0077286,6371145169.925125
634,3455825586.6474004,5385445859.586746
635,3498282884.336802,5043154370.226118
636,3230236306.8660717,4661811913.549072
637,3420812175.9195476,4369495357.737221
638,3479516764.2936854,4020352189.728486
639,3483375340.417171,3857397760.1809087
640,3617878633.685045,4344451830.285886
641,3291448214.0672746,4386568902.882563
642,2607396097.533756,4648630879.899866
643,2545544301.444743,4642848218.7995
644,2018968598.567945,4886391803.800414
645,1918988123.5639384,4929701745.756674
646,1124166781.3179777,-388814687.0131074
647,973192895.2545184,-242657182.04433337
648,873591828.4506578,603121203.1347165
649,903265450.9813892,765226311.1532112
650,900043205.1463374,693725441.6637536
651,893505926.2925022,563327124.947242
652,971128731.8830897,735486599.4355017
653,1030646965.4479066,410987941.4402415
654,1452336598.180784,4399792129.806874
655,1492173580.5295987,4154105781.1537867
656,2230200555.3998404,2749904855.9677052
657,2084569664.6662738,2435741004.227616
658,1946626402.9848545,1834436638.5126033
659,1986227199.7750793,1650962091.593208
660,1967779069.142877,1948285006.8037364
661,1940644441.3669903,2277343812.1266665
662,1076162769.4677343,3049441099.4456716
663,1057673341.5094396,3551199525.9252496
664,1352565070.0734766,4447490536.109336
665,1261344373.0003068,4510411621.346972
666,1176416861.2237685,452567231.64687556
667,1154992159.9134412,744363191.5535882
668,1170684089.428881,1120060479.0094945
669,1126143956.7046578,1093794074.050333
670,1033653937.9873682,1212821303.125654
671,989322049.2266341,1463436262.7933323
672,928492669.4916973,1119638546.25843
673,933766425.9003961,1138973614.5759647
674,916928012.3192997,1166227924.1488256
675,885673844.4656816,1133509585.4496782
676,931784857.1811529,1323743786.0292325
677,1010154880.7740659,1487089230.841805
678,1182377559.1120274,1882736298.9853315
679,1267733157.2135105,1879635093.2650068
680,1265598349.0544677,1830172207.845809
681,1149042181.756636,1866426415.7459037
682,902259905.0243556,1775638490.9761014
683,937096220.5165915,1761816192.2923036
684,918701512.8083563,1898995259.3065274
685,853217660.8228098,1659114123.33188
686,899323753.0058105,1879258263.6700904
687,910642032.0880716,2177874621.0037103
688,1159810767.0686069,1939289837.0331957
689,1299508198.5758052,2052794111.8911333
690,1302804252.3979163,2163775519.8858085
691,1182599158.8065083,2093324026.247059
692,1154226138.4477458,1979599691.6353338
693,1151213542.4426033,2064976328.8727326
694,1104212616.2831583,2221090719.2963705
695,1001437806.0357422,2413500783.424949
696,1174584314.3450644,2240762242.6093664
697,1199482208.6464453,2497252979.5707493
698,1235662532.436373,2823695074.3668184
699,1258249885.2761889,3114089926.5518923
700,1313445079.5989535,3340263704.1438937
701,1512068699.1747706,3642943346.6172915
702,1666841412.0388577,7651844628.399287
703,2180783296.330712,7999045450.812603
704,4248903171.2657566,8474494915.322783
705,4105942020.864111,8387513296.823253
706,3487865414.163271,7592576626.008313
707,3341076177.3661275,6475567524.183963
708,3797805811.4721956,8198096590.948887
709,3461178291.2422576,7421277930.705738
710,3007053299.2628574,7313630882.649863
711,2992417966.2288337,7383478575.972435
712,3780002726.4018993,7265900103.920813
713,3356981578.9108067,6794557572.766038
714,2668266423.12818,6880872646.639425
715,2487834890.7627897,7429594734.458404
716,2251051487.4774323,7484699879.217699
717,2083345155.0142975,7620988522.633125
718,1406475126.7548945,2721892158.648319
719,1313769659.0087123,2737620065.6793814
720,1264671355.8836617,3233672215.435941
721,1275579121.9712305,3296081707.2129126
722,1287619489.1935563,3424370360.1741014
723,1294172935.5112236,3488515777.8600864
724,1332105496.0606027,3608064239.377024
725,1540584942.1750891,3837682224.9171553
726,1710548041.7092168,7637280310.049824
727,2022180300.4048452,8233563676.027167
728,3740258706.970119,8906628618.11462
729,3246790340.030361,8530833485.908683
730,3529000703.1677904,7207731218.159605
731,3542410428.2166967,6880814085.283458
732,3363237508.7473035,6579416245.408984
733,3473750559.2379932,6065680771.294702
734,3531025546.2127795,5858218983.742154
735,3550156224.9919786,5723341996.367144
736,3717760961.6395926,6039254322.87824
737,3374545287.764739,6058519190.31564
738,2688458355.3213124,6237409219.653641
739,2509435501.108942,7128889810.007014
740,2057406919.5619836,6412788477.514679
741,1989879289.2681007,6273220398.165117
742,1219645320.577964,595575881.5932649
743,1121488254.3209305,853869289.8600584
744,1081982002.047463,1079798273.7094164
745,1073409555.8171152,1119181331.1997333
746,1067936693.5766584,1039695748.1315085
747,1069474008.5071248,983597242.7315596
748,1094001457.0067885,951255369.8921983
749,1291032229.9285424,1015634669.26692
750,1410556532.7059784,5540603626.617885
751,1719788977.4223602,6436717884.262125
752,3697774901.0103655,5291909552.17294
753,3610546337.370598,4765241452.769952
754,3416545722.8009076,4080244088.801584
755,3427306224.3809624,3784351925.7258077
756,3230281909.6580763,3426710450.1344237
757,3398852893.902947,3039745012.079181
758,3421636189.3750753,2753621501.5283756
759,3413056186.612719,2645074209.0251865
760,3658720107.591078,2838783535.03894
761,3289871447.0103917,2924571920.443757
762,2582518676.1621184,3180814953.781455
763,2469795427.925604,3282382896.6058273
764,1966052489.445594,4063888556.8033123
765,1892509332.4730654,4206339600.795062
766,1116753647.6843705,-258020626.47490767
767,909521908.0177935,-164782218.1327587
768,1041616765.3912656,470022516.8113916
769,1036515930.552249,413431150.3099837
770,1031927534.0233877,323137541.58216137
771,1040927890.8453777,164210751.1315998
772,1093995833.541108,28869273.995288398
773,1260774997.100134,-100491306.39468245
774,1434951654.0288427,3853784233.529658
775,1824997166.7098045,4005634920.756762
776,3664624482.9558787,2598096725.750838
777,3529471426.7852592,2137399994.387579
778,3406110591.430473,1537111177.1561632
779,3363234038.014579,1094524090.4567008
780,3195894285.2205057,806177794.5250715
781,3377326267.277157,690418725.5948501
782,3420345076.801443,588871879.408031
783,3429377768.551097,591771212.1310791
784,3606705686.0439696,624109083.8840078
785,3289847986.614505,704167186.0472115
786,2603765183.903688,823107482.4264079
787,2517396219.713209,818288355.686016
788,1987308662.5188024,1173711774.4532688
789,1933358890.1110144,1191564622.115124
790,1133043070.4283867,172486452.81454942
791,1024256951.1015851,-127932212.08935039
792,1050881952.300157,-11635906.371782035
793,1076518102.2054348,54015738.48847751
794,1100787574.2169957,15255759.276241485
795,1116340674.4234428,-93917157.65093985
796,1168391472.764173,-44558300.478987366
797,1242081015.577703,-86833052.25461748
798,1416500360.1971953,1314428529.344091
799,1774067195.3725624,1107738951.4730177
800,3729313405.347465,679885683.6937048
801,3636148043.5485816,487562188.52612054
802,3436364221.7261796,619929767.2376871
803,3416715832.637749,461591500.2278346
804,3274229952.952776,406189183.86714226
805,3413073935.676274,520572606.53484106
806,3515036506.599431,573869623.9617732
807,3530094049.8760962,534634606.6694592
808,3722129076.473742,495280647.9895607
809,3324176257.1291485,404865187.993112
810,2625035679.2410517,355012742.24944
811,2524167135.9927483,338268559.2645199
812,2018519951.446605,596621256.3575405
813,1952171843.079253,590182053.3471125
814,1222607832.5918875,142666719.36818975
815,1050010139.386343,56001004.82926246
816,807792710.9203861,-66622473.47862361
817,809379582.6421638,-63159715.03885215
818,808478773.7334337,-74164157.66877294
819,806974145.1972364,-71703125.77764964
820,937622366.0243437,-37819015.98612122
821,923638915.6760272,-131843092.20956287
822,1443526736.2587283,808400943.6410257
823,1468451693.4886978,703715427.0154682
824,2340251954.5048037,597435659.3141212
825,2207988920.3608174,490018855.59568113
826,2085800852.1837463,465708981.9020166
827,2087958154.2055118,461868302.66193813
828,2092167142.5342271,404177364.8618507
829,2096778911.5923238,413553729.0488705
830,1183228108.2962363,724968834.4098262
831,1141408151.361758,714483805.545871
832,1285044469.1116948,979802394.1178899
833,1212834424.9721014,1211096107.402982
834,1170719763.289293,50968729.30255676
835,1093699547.193055,85226395.07282944
836,1091000459.3996127,16816182.984920014
837,1103480511.3448496,-95583064.54738453
838,976416546.9559903,-79207708.9845157
839,845008103.8621708,15342691.972366
840,807811690.1170584,6170746.928534356
841,799466467.0468723,22081248.99497169
842,791564091.8990426,74418369.41323182
843,802225479.8964747,29864817.04672269
844,869192169.4887058,-88231977.56547473
845,981945116.6533467,-15436938.482665626
846,1132944132.5790665,147213772.23117116
847,1215585002.6231828,122806781.25773576
848,1209387591.976426,90899935.63412726
849,1089565596.9845169,64747016.035597004
850,816161833.7197154,173072793.84447712
851,784093317.742208,256461618.5951795
852,773967916.3174694,119627736.2195422
853,805318737.4874749,110582371.00102994
854,771565290.6053824,165567483.1673506
855,805966138.9739677,29174811.504679997
856,1034780388.4565372,151047904.23890552
857,1163128260.3536255,292627438.85862875
858,1174281350.1315155,278764765.5753756
859,1102923963.9757612,160773817.88607454
860,1074505604.4249477,180917105.6629762
861,984715727.9009156,136973537.1098596
862,951282467.096019,61583611.60800326
863,841042857.6240542,219005993.5599414
864,1069794018.8510182,16686329.543428583
865,1072166418.4350713,18677415.646297175
866,1080305857.8080037,17239206.941375285
867,1096694569.8679452,-42853837.658738516
868,1086176755.978674,25063877.062842067
869,1278287347.896404,47299733.04394597
870,1418707043.2769697,2362676437.4133077
871,1723006654.1915462,2403682481.0547023
872,3697742214.616096,1472825721.4450405
873,3553900640.368813,1272933625.6876698
874,3417584833.8187227,1205032642.7820797
875,3382811255.1154876,1112942546.2460608
876,3195303469.857425,1184801331.103663
877,3364232027.439604,1113595087.06969
878,3430573106.474855,1068621784.3628978
879,3430214259.071104,1148734446.7956357
880,3618674881.2787743,1278296536.447753
881,3260447102.1692886,1317628671.0198376
882,2573084521.682852,1256220723.9239492
883,2481985959.254935,1221911771.5003145
884,1977215420.2884252,1633498076.7855666
885,1919571733.8616154,1641681753.4805684
886,1120895330.1582198,-3359477.2185719605
887,1008209513.1151423,68725914.62516214
888,1086288346.6257756,9045345.66272699
889,1088456895.5789027,30695588.084163662
890,1083322847.1457093,68438563.87228194
891,1081559890.654804,68901962.42819253
892,1060023071.4974673,124694566.58361956
893,1231951396.5537038,102299394.61547576
894,1424408183.077403,2118553786.0850706
895,1733997717.8645105,2011184267.9335601
896,3706086383.286467,1405025493.1705234
897,3572136660.9048705,1108009206.6747773
898,3385885533.509815,1112673745.9848223
899,3384457173.2269125,991913319.0139645
900,3232011784.3547816,971656182.1413015
901,3374758100.7940936,789918106.7336152
902,3420359486.9322495,698432901.7191657
903,3411930263.3434577,985511944.4570804
904,3552901069.344065,1204227696.938885
905,3218903485.853027,1385619860.2377243
906,2475266357.099733,1966494314.8932154
907,2470166928.127136,2492034835.392497
908,1985908243.8310008,3679441075.1870737
909,1891706055.5472353,4212018233.648183
910,1109578632.6756814,325792808.0328264
911,855575650.276056,996391625.9373329
912,973220661.116317,1198099487.464802
913,969539399.8950766,1507451487.1671038
914,966680570.5296414,1192006560.2983513
915,994335896.0809023,1149921678.2607002
916,1140188035.0423446,992133378.7677525
917,1370866111.9314673,1072904038.0510731
918,1604115167.0364935,5451648199.434172
919,2030355413.6381898,5803691450.36966
920,3857312446.639046,5154592265.80923
921,3143349939.8996415,5237202333.646114
922,3403129803.153087,4724829752.33135
923,3431680665.6140027,4643410189.575703
924,3202641872.9041348,4156579361.906903
925,3313326570.8980637,4207791631.4349327
926,3430206087.4725366,3879722367.533788
927,3417191630.554329,3801770109.90704
928,3598392270.70154,3890722627.2097116
929,3273536509.341022,3865926075.911802
930,2547857654.6391487,4738320324.57638
931,2462977151.521035,5063721409.429736
932,1979329667.651073,4734323239.230304
933,1903123272.4788163,4779552975.203906
934,1146393177.9544125,-15731563.938150384
935,998141225.0137235,4117098.383266532
936,1105432732.6025717,849935858.1617718
937,1105300229.6924696,897006821.3645896
938,1094569075.5739362,903531865.8657514
939,1074210021.010105,853577574.2856154
940,1103193363.128528,913880494.0558709
941,1309253313.1338854,935732245.7394539
942,1440414675.204358,5498675878.156492
943,1731093900.7736294,6643072803.079943
944,3716051691.672608,5142103420.112848
945,3616001450.5475,4628563612.7651825
946,3412369245.1331587,3848040310.2206607
947,3396794178.2638965,3385906279.490306
948,3211483147.1540165,3107048741.9009366
949,3407883652.586273,2566272084.2666607
950,3417675512.2028246,2288862576.2307296
951,3421999957.311297,2208896135.3203435
952,3629683869.7485957,2396360492.8832107
953,3289178091.2652893,2416444491.833885
954,2588286418.8842077,2880929524.5784693
955,2464042974.0008335,2720133499.293666
956,1932156347.1218534,3044390637.1624546
957,1882913064.0222218,3157469341.918025
958,1165595204.4544358,-144406503.60764128
959,1039634142.2722074,-135868912.6309274
960,1015709107.5335906,31681674.02221203
961,1011283440.042865,7679520.248720494
962,1010028001.3296447,3120464.126441552
963,1001295813.527304,7463461.581365006
964,1055870845.0254668,6351159.553127492
965,1226623514.2878282,-109135108.0294229
966,1408654571.172778,3549779503.976839
967,1788285425.413049,3394608642.481013
968,3677650362.53875,2695269656.996664
969,3556264956.22095,2411391119.669626
970,3406150922.223402,2170773056.321137
971,3379650340.2030163,2077198920.4537873
972,3232967685.6538525,1928985220.7938337
973,3335537063.67062,1746402188.6786277
974,3379168567.354151,1789947830.9992747
975,3342492763.517761,1973267063.0180626
976,3598050030.0948777,2086518905.6956217
977,3254278599.6507964,2106025293.259494
978,2536296951.466058,2153770257.6586246
979,2426297920.8852463,1988958596.5361025
980,1956031825.0691588,2464377507.2953434
981,1892678915.1099994,2387346045.150768
982,1178471007.7969534,-51662775.04260252
983,1096547129.6271288,83569217.81951024
984,846874040.0683542,-84524789.11818999
985,844323095.4489384,-102664987.53292555
986,846495510.5347209,-102075736.62195604
987,836239714.9995105,-79987557.10372473
988,871724486.3780543,-81983735.49841651
989,940176298.1099026,-6595992.40734155
990,1439979911.0139177,3076739420.9692903
991,1440580215.9753344,2750444275.1658335
992,2279308172.389925,2485139508.5287633
993,2157892627.810742,2404640195.6525927
994,1978489662.4650156,2290206213.801792
995,1958302475.0710514,2299388343.4292703
996,1966465989.9064293,2289859210.4875546
997,1973568075.5945718,2290868939.209068
998,1063019675.7720802,2421463672.8959026
999,1087320076.8448849,2404165157.572515
1000,1298646050.9936302,2756185834.1964836
1001,1273029583.2182348,2697832170.989121
1002,1150222758.0829818,249714695.66457856
1003,1093371101.6506405,184127431.9223694
1004,1077535773.7603424,272236447.4580417
1005,1051500709.2583385,48622273.977455325
1006,880515896.3033451,131071570.88677853
1007,791710302.0067413,195900083.1473319
1008,813412661.9350541,329381418.8276568
1009,824332729.3537992,123743762.95320332
1010,821074633.925033,180341676.68695536
1011,818527906.9048777,249155634.76941797
1012,834428256.1171092,215455211.21865475
1013,937022763.9961371,83980965.98692843
1014,1049135339.0063863,-85364289.79875644
1015,1177171987.2247074,-137323125.68157935
1016,1152000651.9046013,-215377047.27722624
1017,1066854879.3663301,-218283290.96774873
1018,784375896.8926642,122646374.06530516
1019,833955533.5333238,97326407.91499725
1020,780751573.2614411,203882978.0504479
1021,728922550.3484942,260092058.9299861
1022,782004903.1750312,124846244.13292468
1023,796486733.1693015,79496839.30147648
1024,1049476613.0798849,124257356.9570854
1025,1191279329.5513024,354412215.5494334
1026,1219009693.2227404,253142535.53184813
1027,1146470852.0741274,314037979.8292451
1028,1143300096.0967147,337662940.2726901
1029,1030722530.7679912,431270176.0368903
1030,1060792431.8959106,194134512.82520473
1031,989375472.150601,60696097.89024671
1032,1012901592.2924918,291092476.6090662
1033,1019233614.6489809,205364471.23586693
1034,999384362.3957673,181800254.55917004
1035,1001325688.1887329,172721425.7086768
1036,1090982358.869453,132063112.85178031
1037,1294643900.7619839,209700921.45844626
1038,1431271095.7408125,4961267044.092998
1039,1712566338.6886873,6154348483.990404
1040,3679793518.029663,4492940695.571857
1041,3544053600.49527,3973100268.29838
1042,3390304611.001696,3686923652.418561
1043,3430189700.3420763,3759407879.83259
1044,3159493504.002564,3494231147.9613605
1045,3373058759.7587013,3172210799.2759094
1046,3399974951.0395527,2579478215.639852
1047,3397395010.4252205,2274800212.3609815
1048,3617426823.3642597,2315402873.742953
1049,3299827792.9981036,2369412448.290002
1050,2597491329.270334,2672686797.7013226
1051,2454081356.014046,2560234444.8400044
1052,1969003051.594946,3057434906.402694
1053,1902893237.5858145,2931382860.7572784
1054,1156392051.401335,24651401.425163407
1055,1052676013.5856086,34057955.62799217
1056,1037401274.9303571,14749076.239833748
1057,1049512814.1402044,70059367.61257833
1058,1033207926.8655663,63548872.51662566
1059,1037630782.6234514,-48405163.2162797
1060,1049281549.114085,-99006539.59309137
1061,1255313030.3244336,-71938098.671777
1062,1400372436.3581972,1856884915.8097603
1063,1766007187.4523702,1757776913.6711206
1064,3716081214.8674316,1066605600.5360434
1065,3569770763.4530106,828954888.3799548
1066,3415244944.895636,748530141.2054812
1067,3436675621.1382494,522196320.1561793
1068,3284911023.0800905,416727681.7952409
1069,3434212543.1700945,380683712.800418
1070,3508350733.1049647,395809638.1909534
1071,3519355152.5089207,386351797.33476245
1072,3682441467.432071,426349203.46003443
1073,3393129787.439698,432571620.33284646
1074,2612365659.595788,460045262.1892349
1075,2529670487.9611926,502963097.6751083
1076,2005221860.978126,718534359.956091
1077,1946909685.0685208,835099102.1997678
1078,1101785739.375323,-34544672.34380791
1079,1034948389.4937487,44560807.51332842
1080,1123003426.855279,-39786095.57039476
1081,1098936399.6082242,92222476.56763661
1082,1091486361.9810872,112897181.36980154
1083,1056111423.91662,-298282.3625723131
1084,1119305998.1702065,113978565.91196966
1085,1325491773.22017,221224050.38407233
1086,1631008337.2547145,5407015716.544403
1087,1961929434.7018123,5437068240.474109
1088,3690642940.6607943,4799778103.38511
1089,3515892064.1827617,4343919685.790362
1090,3400727353.1743026,4096239523.0209293
1091,3421979660.114856,4086369388.3946247
1092,3162813018.220562,3624976831.7272396
1093,3377133883.2442203,3490641809.6962695
1094,3426196995.7754407,3045007531.943321
1095,3397983892.7219734,2797411573.856536
1096,3633419081.0937104,3027486410.720234
1097,3284274604.9250054,2965417920.6278515
1098,2601752686.123201,3296126992.236626
1099,2487423938.434841,3295891655.6073685
1100,1946703198.438057,3676081435.656722
1101,1886292942.629636,3891824380.9191723
1102,1107020834.457467,-81185700.62269607
1103,973174267.524451,55908616.10618452
1104,989315898.5610459,224709360.40191793
1105,998733270.5099217,238422902.28177756
1106,997826135.2023007,199659649.4533695
1107,994334841.6810871,155352345.77002478
1108,1105674541.6268425,158166928.2077298
1109,1347940648.2175982,272356480.051017
1110,1448006178.1400256,4645028083.4349575
1111,1773887771.670687,5462248168.599278
1112,3705645644.163741,4018054838.6459656
1113,3583557041.0358973,3418316534.53415
1114,3424925038.131783,2817796018.024779
1115,3398755010.453442,2257828694.9196687
1116,3250300480.9482703,2055261691.0146008
1117,3348994192.7778816,1852602662.1215851
1118,3382007275.2564473,1715160250.8730762
1119,3367895539.597289,1763599221.9006817
1120,3599041165.9211044,1954927901.4870923
1121,3256823217.8713217,1942103692.0006404
1122,2596135722.5746756,2186131408.459888
1123,2492347634.104915,2112488502.788517
1124,1990565527.814451,2629986839.5584555
1125,1914639954.4596252,2698896459.9801683
1126,1145225254.4258482,24517546.89723947
1127,1012026088.9793249,190800880.35666424
1128,1066317135.4606115,132351918.54518142
1129,1031161688.2909949,81952051.43051612
1130,1032860326.3931769,42630101.44207769
1131,1025951898.8044143,22189642.06377966
1132,1066906896.4238769,-51268486.16143526
1133,1250158421.094845,-23076831.157976534
1134,1463227845.3379154,3519580031.0545216
1135,1840442015.2018979,3837248470.7743583
1136,3667298265.1537576,2612550468.6207113
1137,3540675479.220881,2545527542.319492
1138,3374445646.9822087,2377097807.856591
1139,3361145974.9140067,2176329110.435371
1140,3203336283.0490522,2083822173.4401107
1141,3351674652.8412566,2028828695.3657947
1142,3331412075.8605103,2042090841.9490414
1143,3328323738.801981,2022792147.1445293
1144,3599608081.555042,2073381156.5269132
1145,3243503336.47333,2056201218.85598
1146,2539146730.566413,2075743252.4626145
1147,2434484281.049952,2044279436.2276237
1148,1966897766.630727,2610677596.435167
1149,1909783740.3777199,2657898054.7765083
1150,1132179516.9797914,-225035669.92530307
1151,1082930258.947874,74693353.17168427
1152,875799214.4636424,33585463.69382588
1153,878612001.7038168,53452676.506884426
1154,872770978.1945755,19585298.5313465
1155,871032624.3660234,46394032.569678016
1156,968666356.8481451,-36126192.69003967
1157,999430580.2543308,6976056.506859358
1158,1439598745.4807465,3920789336.809496
1159,1465035789.5542665,4023927160.455933
1160,2312753031.5927877,3397249359.5264688
1161,2168655238.1904273,3204906768.264548
1162,1979123356.7539115,2802642085.0292163
1163,1967787152.874793,2441330885.708961
1164,1969366995.26447,2158338407.159159
1165,1972298929.6837547,2064726806.5733962
1166,1086955254.5088484,2379144181.6992545
1167,1096373153.6576316,2318125067.45758
1168,1309775943.9755871,2627138793.4887695
1169,1219318456.6352723,2933615830.7217484
1170,1116872970.5967834,131302906.42960359
1171,1017785220.7695909,145249602.52793944
1172,1037059122.1903459,194478242.52327028
1173,1042610361.4837276,177195731.54561257
1174,1025859111.6206824,151932144.34049
1175,952757220.9707875,149580232.98843515
1176,850559518.8888551,122692932.16197436
1177,842880325.035229,49064212.16068246
1178,875174834.0397801,261695767.11916178
1179,889198703.0476769,418969017.6677064
1180,935048224.6089948,463187569.97927547
1181,1018945060.566239,582374842.5118967
1182,1161280951.8775096,745899972.4788018
1183,1244937736.143508,703290584.3833618
1184,1244700847.6517076,469229937.96262455
1185,1120031073.7764144,175574927.80531618
1186,906973072.1980078,57545787.92734118
1187,931622128.1430172,-153945093.66274282
1188,884097165.2754501,-225583455.0314266
1189,904298235.6003135,-312576531.1875592
1190,894378442.1395261,-431964585.5120663
1191,853292874.6762893,-440807713.99817175
1192,1086048822.1344376,-124167553.4914896
1193,1210176458.7714493,-33967788.42726615
1194,1180238181.887119,-28545952.57608617
1195,1087962382.0656044,-15806493.37497737
1196,1111780219.4896827,1662613.724487347
1197,1015932113.0944915,-50751254.806250915
1198,932199236.3085009,-179112654.7934852
1199,809391181.0401303,-196000876.88997564
1200,796278664.9391149,-82446406.58406666
1201,793646883.0005387,-65514536.27194884
1202,781005332.1502836,-116398898.58007796
1203,770956198.9788396,-67360128.32272619
1204,802262032.4233994,13329054.291423267
1205,953544681.8993906,36277831.12777424
1206,1099364134.4665637,275122321.98127145
1207,1180711431.6708121,415715043.19268584
1208,1163475509.35941,449783566.6952399
1209,1074759539.0470927,208129585.69586092
1210,760714462.107831,362979996.5419562
1211,750707856.3955976,217899511.29378754
1212,785186027.4172927,207231523.65932775
1213,792441352.5452347,235059807.2676886
1214,776466843.8793386,168281674.70911264
1215,795123745.6749374,26838904.49835517
1216,1114034526.2944407,13940493.045336694
1217,1204771956.7856736,49508332.75469096
1218,1206045496.029054,-25489850.011909716
1219,1108543739.2571266,-198036338.67873204
1220,1111704302.702993,-258017716.59386584
1221,1019499147.6690923,-4111681.467883661
1222,945863906.4460417,-243145314.58909947
1223,915833369.5778874,-68478250.11304735
1224,1102830649.5921216,-33190122.718838487
1225,1122042868.6236913,75937327.31706434
1226,1108326884.3618138,172911295.44665584
1227,1072298042.6786606,122820603.19268443
1228,1103397213.759454,-63423786.74339774
1229,1251469040.0650575,-123981321.10481282
1230,1454606720.982769,3276530762.0955873
1231,1837267920.2917373,3480622179.9314413
1232,3673881937.5994587,2331531616.887527
1233,3555643036.063323,2106066395.3292098
1234,3409669102.9399014,1903712540.2104557
1235,3362270492.316848,1728709384.4740727
1236,3200877027.2802277,1534759265.8041084
1237,3360401920.111127,1349566070.3943853
1238,3425884366.230253,1222342070.1593742
1239,3424379386.227451,1236005780.3263927
1240,3640411421.3344274,1471475172.9065034
1241,3286903838.7306952,1406054863.589069
1242,2608906876.735541,1789554997.0586283
1243,2510582424.507855,1747897503.7989953
1244,1998244018.734867,2003569472.982235
1245,1928692292.2625308,1980903682.0772014
1246,1153832320.116793,-113010342.10687302
1247,1073294801.970568,60928888.37359269
1248,1019160509.5951315,-51094620.769186236
1249,1015826497.3796755,-45815369.089055665
1250,1009743313.3795583,-26295887.060495175
1251,998444013.4939697,-36213489.12129442
1252,1039832720.9040577,-45744804.47379141
1253,1226849858.781477,-98997809.9499659
1254,1375303553.5534618,3535830261.7325916
1255,1798415747.3702583,3761390418.1598983
1256,3685846563.7683973,2747650425.6305513
1257,3568751070.965124,2007041324.8002622
1258,3395188590.9454,1419934996.1585732
1259,3332815569.881106,1177086508.991525
1260,3148935095.72041,946564277.9176466
1261,3328663079.8091516,754867134.644315
1262,3423545883.173587,558490175.1854688
1263,3436244723.0804644,556170272.5248741
1264,3607897860.768282,783418159.9564391
1265,3280181249.1093497,1042459407.6509815
1266,2584611044.728602,1318725696.1726058
1267,2477412675.7900906,1404019401.8003125
1268,1968860004.6866927,1742457481.191304
1269,1913330741.355833,1796060399.862758
1270,1108169778.7893589,-142445243.78545138
1271,991308538.478348,36508439.20033885
1272,1061647901.61259,-94748656.15864128
1273,1007068476.781864,-42143099.21427282
1274,1007552622.0303134,-39307420.13901459
1275,1043924143.6533854,-135254200.26084194
1276,1051394566.3436149,-68385133.91970895
1277,1242016521.4556773,-53288671.074722104
1278,1418198471.0994697,2228046789.9268527
1279,1781498781.0029345,2249143427.480082
1280,3688129339.368164,1502023831.5538402
1281,3518666453.696335,1076731986.5615935
1282,3374018790.7903814,1179617378.027652
1283,3379176211.7528105,1259886810.3015182
1284,3191164950.5830216,1365527859.1141849
1285,3366033645.257064,1258564633.1031392
1286,3436613060.0825515,1063526218.9235324
1287,3421293333.701854,1059580420.230818
1288,3626348627.400022,1204468853.3302262
1289,3266251924.6182103,1203142311.3102844
1290,2589260596.446741,1118564800.1539965
1291,2505414371.6806235,1036381393.6248701
1292,1974828083.3736577,1305539570.2315767
1293,1915938799.2985687,1113803143.5641806
1294,1188011393.0575948,190301472.02286106
1295,1128411794.97371,87144006.67939195
1296,1119178767.2591803,-38771274.55705838
1297,1050890563.2319806,-56942754.192993544
1298,1054372191.4215554,-57583655.49245545
1299,1035789449.0796211,-44126183.14427639
1300,1184074264.1478817,137040100.63869134
1301,1224810649.5390065,-182084370.80744871
1302,1495556095.136551,1859873363.6397145
1303,1781985035.0510142,2013998486.6361349
1304,3623651868.072838,1702421155.4070976
1305,3568285817.046696,1458908851.6273832
1306,3382362256.5275426,1719306467.6225462
1307,3274386311.658695,2124046550.286645
1308,3149585924.006302,2365218945.973602
1309,3309775791.653946,1915582672.4503193
1310,3359496014.9366236,1920470908.8654547
1311,3294413362.0807357,2282337167.9944377
1312,3629659267.0862427,2342698285.3855295
1313,3287075002.967352,2736577964.531278
1314,2595166026.2113566,3069590570.719787
1315,2537912731.3161006,3665747720.6069417
1316,1975043005.2026427,3533579286.879175
1317,1948555954.6465511,3919252919.6194124
1318,1197752465.749717,-439246562.81923276
1319,871504819.7499012,707116714.2182312
1320,847206176.0101217,1385499100.1744885
1321,864404139.928179,1384910576.7337797
1322,876212011.9912677,1111174066.042892
1323,870368352.4824885,1042658007.0320861
1324,988553391.7614009,1391225018.5945394
1325,1040178915.5100269,1303763087.8555427
1326,1507533374.1032712,5605688572.145248
1327,1541179447.9375224,5373594277.838525
1328,2226407000.5982885,6132297041.720325
1329,2164191612.306357,4926851881.011336
1330,1921920409.449828,3999426689.554029
1331,1910860809.7888799,3755595390.0651045
1332,1927389757.0242343,3567495587.2297287
1333,1932924828.853784,3239258823.3011146
1334,1094268395.89332,3371276488.8174014
1335,1099416678.7240179,3328982095.344739
1336,1333744033.373322,3303803622.16009
1337,1224564798.6487775,3445944036.350625
1338,1185659730.0032394,108785883.19283338
1339,1157059837.9509203,319245939.42385095
1340,1160950924.7353723,351456867.61633015
1341,1084772998.3581245,391528839.44329894
1342,1078998050.5706317,460567222.10111225
1343,909201370.4739926,228390723.6549565
1344,822911046.9363927,-171383283.27613816
1345,851073363.0654308,-68200356.47355309
1346,878066349.7994846,102566376.20106319
1347,866274293.7336229,34934921.02697211
1348,916600093.9767928,466949318.6960944
1349,1011576914.6580776,669612712.4106728
1350,1158598910.214412,776765444.4245673
1351,1252006432.5041711,726489247.2541796
1352,1250044545.9148104,721284561.2757457
1353,1138119302.6050503,598228238.1628882
1354,824385449.344556,658579898.4405942
1355,799374734.2629555,407849998.4717638
1356,740438002.1961855,263637021.50918913
1357,726281278.8115817,278086399.5575002
1358,722093202.7458665,393513742.04895365
1359,722636921.583871,452191493.2573499
1360,1042616863.6159209,408453798.7879424
1361,1216449961.9381983,348584815.0280491
1362,1192156590.1974945,464244948.0028485
1363,1113611711.9685717,551203833.0567397
1364,1113339676.8162668,549499370.2364908
1365,1004571833.7529275,522906694.86551476
1366,980392688.6588633,143450932.3089615
1367,811834576.8784025,18521009.540299095
1368,1030184611.12897,10131095.026457855
1369,1033504213.2136191,10486100.513560476
1370,1029612072.0293518,32213454.782605503
1371,1019311991.7019058,40736132.61898
1372,1060101800.0169973,-44714706.58498545
1373,1254283408.9049547,-152618187.90767074
1374,1414396656.832699,3129524299.332861
1375,1790893659.0890872,3120917598.6814036
1376,3702266380.622885,2378547292.35055
1377,3578989117.43678,2258873342.2136836
1378,3405957791.32393,2150462814.1194606
1379,3350184082.969261,2019448330.0923424
1380,3206350768.1871967,2021012391.1523232
1381,3334001681.8064814,2028293277.2540991
1382,3376609099.6695623,1843516194.833357
1383,3383234772.3745666,1833316698.0466309
1384,3601235635.5363536,2094750959.162944
1385,3295396150.5750923,2222733347.1444807
1386,2588224385.028417,2636757769.007652
1387,2493255999.545654,2804071564.0910125
1388,1964033313.799611,3476645100.017527
1389,1892201974.9269536,3679955942.2639117
1390,1128082470.764783,-140860086.08791733
1391,969575952.4220014,-136565101.670184
1392,994351536.3448268,170099622.88999265
1393,1001665556.3958113,153153930.6429262
1394,1027400116.9505018,276504515.47613823
1395,1040395770.4053396,348855797.700069
1396,1111088708.9442568,393842558.6066798
1397,1332649039.1653044,365903335.7835994
1398,1432240089.1709213,4805376350.77445
1399,1753281987.5501144,5695248163.380271
1400,3713729903.279681,4350011885.486552
1401,3578261845.1642904,3670630137.2599936
1402,3412289989.413721,3074065604.0269833
1403,3398501251.5645995,2861576633.2395535
1404,3214454929.099648,2682526560.444253
1405,3424491504.07446,2324754503.9411173
1406,3441277197.6647997,2126249693.9704366
1407,3440519611.3976254,1951741945.4814243
1408,3616706931.890476,2034568071.985664
1409,3315434667.595123,2010182905.120042
1410,2598135040.3574734,2189741115.8922715
1411,2486678829.232146,2188682646.6633077
1412,1958255202.8126729,2701824164.043374
1413,1888756899.2643034,2753642234.4307985
1414,1175436620.8622983,-5784135.596672442
1415,1094745863.2762737,62048465.104434766
1416,1002231769.0965387,-1793233.7478097836
1417,1013279418.8929151,-573266.121024753
1418,1022791159.6252453,-32036354.88575497
1419,1019877501.4694232,-39851567.89383582
1420,1027743675.5569332,-53557835.07109089
1421,1185046069.3108308,-176798571.89497405
1422,1373425491.7494044,2978229035.6496153
1423,1760038054.36559,2983452635.8548207
1424,3681764279.1508007,2399324570.4594393
1425,3600513635.26294,2034474955.7923255
1426,3397413813.888591,1765433174.4272919
1427,3373847187.2204685,1615014876.1430259
1428,3173341024.6413794,1409843528.7055247
1429,3355019472.654818,1251585283.4243226
1430,3396730914.274988,1203027371.0091324
1431,3402133966.461018,1292843759.2460954
1432,3612473604.4993615,1365502033.9199386
1433,3288644521.0255055,1336035851.0201607
1434,2605591052.9168963,1663582245.671602
1435,2497966530.719768,1743240239.1915548
1436,1983677485.288781,1996026333.8515646
1437,1927957727.0579867,1881715294.4747813
1438,1175541709.3772066,-170617257.0918778
1439,1033781344.631697,-126336142.3379095
1440,1045234762.6235979,-7049933.849866212
1441,1043710451.9575181,6248586.246403169
1442,1064357357.6708812,-96188319.80408408
1443,1049129364.0741005,-71314656.65856604
1444,1086662834.293451,-130427435.08271512
1445,1254573544.587419,-58027412.35133372
1446,1450529532.6309454,3183862326.702506
1447,1766754229.721393,3390153978.3411093
1448,3658260301.405028,2203079646.852866
1449,3501473586.0440507,2214302694.296054
1450,3369812614.1945066,1953141598.262542
1451,3346801568.362309,1802343196.7671878
1452,3195981229.271929,1676707264.1107526
1453,3345602715.772501,1556528085.8779993
1454,3417833847.908397,1374017437.0537086
1455,3408390994.630656,1408010667.3843055
1456,3618091886.0476556,1655605534.2656999
1457,3270175961.3968854,1652521060.3613656
1458,2596303196.4119797,1960309362.738817
1459,2495836643.093196,1882326005.7584343
1460,1987998767.197808,2129191219.9685912
1461,1925700608.5203884,2053286245.522332
1462,1150250875.4113853,-76282551.06722136
1463,1079406454.765694,76807018.01343971
1464,1036462507.6282821,-31019351.461637218
1465,1027873015.2675897,-27947972.021991182
1466,1029848960.5211521,-34522848.23599423
1467,1036638240.9308046,-69339574.90142748
1468,1056394178.8003787,-97601794.52015047
1469,1218016448.5968835,-41854293.52087171
1470,1430553400.9333107,3912788982.620129
1471,1829967080.238442,4246269352.1861115
1472,3691847943.9161906,3411181142.4844656
1473,3587069598.286716,3505600962.5295954
1474,3385180140.03349,3201774645.0581536
1475,3381237914.858004,3313077594.9079504
1476,3206707594.6579685,3127440642.6393495
1477,3316454360.0830092,3007628655.020561
1478,3414846381.7655153,2654799758.9372253
1479,3424489746.741435,2597534027.5043745
1480,3621186285.9051223,2841773074.074285
1481,3266379594.8624926,2813146755.5902033
1482,2505670854.4356546,3165335659.711903
1483,2436133801.6940794,3344140756.896995
1484,1993639454.7421737,4305230089.325826
1485,1895721385.7765706,4372404693.17635
1486,1144411433.5018668,-26242054.261221416
1487,1073759968.0223448,-28447016.620664127
1488,924475757.662639,1360710914.7845743
1489,938764632.4907397,1556229823.0712123
1490,909478326.1587679,1463403526.6316118
1491,902866712.1179657,1485701945.055115
1492,947126023.024758,1843555478.2274215
1493,1014709712.2421453,1656458129.4109545
1494,1718410701.1306765,6342200583.202094
1495,1796040184.5867598,7098781270.867253
1496,2435764234.5588746,6928337898.72341
1497,2223871520.5094943,8280534248.334043
1498,1951244322.7085395,5797757475.455119
1499,1930951695.333062,4790280251.664594
1500,1917281928.9297478,4548643457.150118
1501,1897993617.378186,4212674411.8231144
1502,1212290706.1340969,4798347169.382792
1503,1193232078.0089319,4646660890.434551
1504,1406056002.8283784,4805752089.163976
1505,1329608150.098456,4642379000.481506
1506,1305299665.2937353,921700799.3557749
1507,1187634972.3235917,1062936240.5423024
1508,1207231344.3544755,1077249217.9167778
1509,1110710530.8772285,960869253.1192571
1510,1045499768.4438018,1368421372.0751493
1511,1009892686.6867024,1442939788.2049792
1512,959476208.059431,1208830401.2767913
1513,845122681.9754155,1178962654.7932415
1514,942864841.9051936,992984155.2373561
1515,958773274.8493412,1035948548.8198986
1516,987100956.016053,1229159557.7052395
1517,1042862714.5061499,985713089.9840964
1518,1172542996.3029635,1191121228.991376
1519,1241556275.936371,1166753521.4120052
1520,1267556018.0445678,1158761533.1306336
1521,1118606931.0927722,1174111155.626259
1522,965195624.1233267,1081192834.198711
1523,1007655601.7455916,1196854058.378901
1524,1137535165.1074657,1094097429.1489432
1525,1057568780.1944388,666156501.2032454
1526,1112483328.433075,545536839.727786
1527,990983431.8686814,504480964.3735502
1528,1205533584.918806,-134682408.6361234
1529,1375100757.3223507,37200263.41803268
1530,1383756501.1380942,495972472.2072546
1531,1301049379.6389272,648554630.7812475
1532,1320357197.587069,723645566.0060563
1533,1170905513.3900592,580531796.607031
1534,1078891204.722698,907857767.7695541
1535,1057151589.3342505,984640071.3499236
1536,1063500833.5543866,298906234.67662615
1537,1092282609.5748165,438470312.9397555
1538,1084816755.9504526,508109949.76783586
1539,1070967038.6453556,535500660.0145323
1540,1120455821.168611,644984206.7429285
1541,1339481901.4339826,692980512.1170465
1542,1435232651.579576,5182551130.329343
1543,1714708879.113041,6325186508.750545
1544,3715693195.735462,4567298158.906561
1545,3579653477.186966,3804948609.3425384
1546,3386997222.3815722,3199571865.1094923
1547,3354139488.1424365,2944283818.3562083
1548,3183943805.5824203,2490435855.7600145
1549,3340089259.1391616,2083878552.385296
1550,3426359021.8803663,1845566933.497583
1551,3420964360.9595323,1588844497.2582448
1552,3524703430.8212204,1421378660.8904483
1553,3318456928.931904,1688051435.3523064
1554,2484431200.292884,1752793742.3869958
1555,2442421802.8582864,1648036933.6759138
1556,1899486120.3165092,1941190716.823768
1557,1822362573.038388,2114524328.3124037
1558,1121484563.9215775,19594755.64473243
1559,1036418222.8360465,37944465.494479366
1560,1021905112.3139272,-36253499.9856195
1561,1012563832.8850437,21007502.89053835
1562,995486246.2792143,99089432.09121282
1563,990172422.6775403,100326495.26911858
1564,1070598350.1766635,-36355345.82208337
1565,1336583707.808782,124904078.01863095
1566,1445739921.4706962,4518515276.313325
1567,1792726733.167699,5206842089.796236
1568,3691792587.925896,3693894636.1893826
1569,3530816138.0161614,3040248057.7642865
1570,3422964381.67554,2500213056.0605454
1571,3421343769.159678,2436750732.949129
1572,3222516035.352981,2429417105.25347
1573,3394634240.242593,2007362866.6553838
1574,3437328294.623818,1847612579.8699858
1575,3436064244.9787736,1725870795.5177727
1576,3633838292.8868775,1980270419.2154744
1577,3305498706.670503,2007971759.2633855
1578,2599509801.9831066,2301526378.524751
1579,2491693027.553019,2297907941.449242
1580,1947226532.2129688,2715678471.418632
1581,1883168228.7774844,2806193231.105633
1582,1170563536.3833506,5402538.33349262
1583,1046992095.6488224,-33098461.46602101
1584,993541757.2868034,89966955.0250922
1585,1007932908.8969721,81107094.72299626
1586,1004719098.2604414,-41099906.860778645
1587,1009695513.9212722,2913498.837341766
1588,1072455499.7177207,-42470460.831478104
1589,1236812003.9681723,-103886410.10023148
1590,1406414147.2989192,3112235241.122859
1591,1823685141.8731718,3485081936.363168
1592,3665125850.067975,2244844078.240786
1593,3549928979.8651543,2045300804.4733043
1594,3384351469.6454453,1765075622.7942777
1595,3353937131.244582,1442518219.1890447
1596,3188482996.7865753,1307960591.258375
1597,3319325622.579598,1054312808.0748547
1598,3390580424.420005,832770833.6311778
1599,3402304647.431093,754144756.6756821
1600,3572881242.907658,901490948.0500416
1601,3276056964.2324505,1059574236.7336041
1602,2588247669.6910014,1099834987.0931613
1603,2474236559.946951,1118815413.6587238
1604,1973437154.2841926,1557385773.3150773
1605,1918202771.4349656,1685032797.5065434
1606,1162312857.8299215,-147131607.20331016
1607,1046306384.3023798,70042272.0614576
1608,1037976977.2294207,-71196806.47637214
1609,1027305396.7004422,-16562334.975591352
1610,1025535059.410831,-19352910.8947013
1611,1030815493.6850256,-42031796.26442302
1612,1087050853.4254205,-191385805.55764157
1613,1254835035.7415726,-81946634.51513325
1614,1450893652.033772,3019264178.101428
1615,1784164128.0022924,3057770633.927895
1616,3667716861.8803663,1819607884.7234643
1617,3516623993.387768,1529548760.0635908
1618,3391682360.093472,1133866045.877302
1619,3359937369.125909,936522642.1774396
1620,3174476964.7088847,808646828.5890598
1621,3346483095.684813,861054877.3577144
1622,3475703175.8956456,927619861.1299767
1623,3470215376.324475,1042429945.1054331
1624,3500761690.4355326,1088308220.816233
1625,3237323499.1568255,1099225003.2797687
1626,2523178899.766013,1032947370.2603866
1627,2513001832.750333,995905312.0682179
1628,2013535100.587253,1377941775.3737395
1629,1958097218.5737052,1231584216.08334
1630,1176331454.8387425,228739545.64484522
1631,1028274741.597156,315995966.03526294
1632,1035207420.3816668,-485797384.78582436
1633,1056423701.9952024,-249193502.33453223
1634,1085843917.1036963,-149284191.70400003
1635,1099572202.6967504,-86043747.02202252
1636,1130876630.27489,-127978042.71575913
1637,1339351155.8569057,-17194506.63192778
1638,1302331178.3475258,1863303385.9177654
1639,1689124570.5320072,1843142638.8546128
1640,3671151393.544865,1490421772.1049547
1641,3536926824.2781234,1185958008.8177881
1642,3392678064.985564,1276931438.5040069
1643,3351765594.825312,1281300624.8883066
1644,3153045146.199805,1270215433.0594752
1645,3342365796.2066884,1269673467.7154355
1646,3449910579.417797,1314541650.9695919
1647,3463012946.920592,1203637354.8225248
1648,3519698008.182142,872204814.0397265
1649,3213956066.1871123,973806947.9663402
1650,2461770566.665916,1273852056.8914957
1651,2450363717.9991837,1316811358.1822152
1652,1971082328.0303917,1641611916.3355646
1653,1938684487.8439574,1864341485.9794364
1654,1155184587.8797033,-107928962.33758654
1655,1079544581.1414764,-94705007.9430139
1656,788689798.0029854,-75638012.41645718
1657,788117610.3699722,-116434544.6228403
1658,783089529.1181998,-103103652.09998062
1659,794523440.7135206,-64949291.87957437
1660,802160107.1079364,-120918671.30829227
1661,926562414.8967906,-172033641.688986
1662,1385960548.2183309,2802528963.403715
1663,1468508631.078715,2836412345.724983
1664,2314161709.7458076,2095239819.1779706
1665,2190412075.442522,2030195975.7203221
1666,1960796130.6338449,1855405605.0351226
1667,1925537352.282345,1572258902.790104
1668,1952012980.1737728,1315152362.2532449
1669,1946561030.1963162,1054895148.0183499
1670,1059883187.7886595,1236418255.9640713
1671,1044728299.2457281,1083870652.2274501
1672,1131326858.9959526,1234470454.3416998
1673,1181454783.540482,1240583023.205183
1674,1033452723.35598,-183834664.2541063
1675,1085818787.2414355,-121598128.53155835
1676,1133343398.6423976,-225197168.32312435
1677,1027840680.3399255,-138044048.70969144
1678,917019745.1032164,-175661535.87788102
1679,871772813.036248,-20783844.897018623
1680,849900519.004396,-62715958.17997387
1681,841798159.3582958,-97202413.34716001
1682,844996505.4642044,-110886856.4166014
1683,869013097.2534354,-179231232.44593954
1684,921747673.8742806,-100508038.21067294
1685,1155373501.1799147,142202957.0771489
1686,1242162907.2966785,178560465.75422838
1687,1240453022.263135,191567634.01118505
1688,1095419097.5582373,191112965.09839994
1689,821945216.7057292,76486567.36370876
1690,817901593.4146876,-125341690.4918659
1691,811563244.6593077,-171843044.48074648
1692,611531649.8636806,-72987838.25761527
1693,678467410.3946677,-204989499.42817232
1694,680701683.6029382,-302481426.38320863
1695,1024571162.2464952,-386909442.40097266
1696,1110018844.5985,-453995294.8797216
1697,1067917011.4467759,-305037029.4081912
1698,991464765.3842905,-535879347.39667034
1699,1037518664.776442,-445668670.27854
1700,959981265.5708804,-161455496.63169253
1701,1001315847.1237916,-306616367.3436416
1702,860162992.4051021,-280992682.3595932
1703,841019309.3615162,-187754274.01744425
1704,907541393.6983654,-131613939.07751916
1705,939243330.0068109,-304933001.16094595
1706,978787892.1402283,-397618532.10514826
1707,1089717430.5578961,-217280836.9488401
1708,1312834757.839293,-40247311.71552399
1709,1353237074.2223225,1446722997.2944815
1710,1726119945.379034,1334570725.915602
1711,3694718547.4128947,875854896.0715654
1712,3569187680.3552413,719042497.9330198
1713,3403635299.997793,707688869.5780799
1714,3407382636.9407816,509859152.00910276
1715,3264726295.9523616,415333848.7762068
1716,3434788421.202461,457941054.46086544
1717,3515483923.587653,380860488.0737089
1718,3581798302.1442523,289496043.12249506
1719,3814566550.933577,378234684.1685923
1720,3554249207.3743663,269396767.296351
1721,2862111414.8751554,18000140.83381246
1722,2907787487.666884,51746758.74611466
1723,2416361432.7607193,157967965.091495
1724,2411998502.0589943,169465632.5580051
1725,1333585521.9344466,-459676837.61388445
1726,1147279928.1989408,-546862693.3890378
1727,1063295577.0570405,-221599100.41490805
1728,1164150676.7077012,-70126697.72324108
1729,976778909.0257916,-24397189.68070452
1730,1198604245.0670433,-154455050.3153226
1731,1270977369.7113774,-333034449.8521081
1732,1333328424.1128564,-205040422.34640425
1733,1669612199.0197291,482845271.35732263
1734,2061594292.6944885,280299000.3546777
1735,4361960137.043761,150679804.28711468
1736,4219715978.5164075,374380546.7286954
1737,3968378518.8494425,381991340.59358805
1738,3950221754.0328226,356673920.58919173
1739,3830559863.0628433,279599173.96411884
1740,3906628296.609288,372042457.3115892
1741,4161604490.038283,439473858.1640548
1742,4213219469.7887573,525583057.9537331
1743,4288358460.8814926,330655219.25371563
1744,3692532249.396213,403923841.4760817
1745,2785483611.24345,217341905.33914787
1746,2590890698.5609393,187036585.49393368
1747,2019333948.103889,445791937.3761168
1748,1977135285.902475,730122961.2051582
1749,1217150434.8820527,35681669.24933039
1750,1041552447.0025424,11177924.731254311
1751,1042228668.7506489,-83407394.79812928
1752,1037968542.0308995,-225349937.07782015
1753,1037997713.7591182,-194620138.3356298
1754,1074739681.1839075,-54091070.77200528
1755,1123510593.166359,25037324.398335416
1756,1278356586.8175979,21416704.912044957
1757,1400679618.1710064,1796385215.3340516
1758,1737003108.8042495,1763180199.030659
1759,3659858507.9248185,1164255752.272729
1760,3524929599.581567,1000421811.1802602
1761,3392995175.729966,1034563445.4439901
1762,3336857172.2391686,949002758.2306957
1763,3178684547.17118,950699582.6132098
1764,3331792362.727169,918666884.6345423
1765,3445317130.5564885,1028884085.1206086
1766,3451200330.0583353,1068425367.3925745
1767,3631352984.655954,925873568.7697517
1768,3257746476.7094493,931747527.3878051
1769,2511575669.133712,917963784.6278114
1770,2424995649.2469034,774057800.1151494
1771,1976729693.4402533,834044997.7923667
1772,1938475716.6805606,885186157.1024369
1773,1144835477.9608533,-517364501.7977998
1774,1055017132.6418128,-257650344.11233544
1775,1118738028.136454,-256796294.0265599
1776,1105325359.5547304,-161199427.10001194
1777,1103466804.147253,-146866808.0285041
1778,1091312737.478195,-168006366.32710052
1779,1094433057.9977837,-276434353.7075747
1780,1269895028.3011417,-301032305.6243799
1781,1441475401.4183838,3089982289.5906343
1782,1825321570.386261,3214968227.569352
1783,3673291473.7029834,2040912340.1271024
1784,3563603447.1343107,1926179367.9992542
1785,3408077134.9523506,1697832273.00414
1786,3358656009.750566,1446345440.2293048
1787,3177169023.170226,1123485045.260592
1788,3376696878.4541726,877234543.4205205
1789,3436433109.1807685,677365362.9763544
1790,3460285741.798746,558872824.5424688
1791,3688091117.3748655,565538634.5390289
1792,3315312796.5498233,585708474.9804372
1793,2578499743.400081,549567024.9707133
1794,2514662863.925775,566715681.420447
1795,1997193836.518993,997912766.2519468
1796,1938265891.117349,1108990927.7912629
1797,1140544070.7132552,-254269062.3417351
1798,1027154090.3269703,-264000432.01585755
1799,1037882432.7126635,-50167823.65736505
1800,1033574155.0680231,2828748.5519986195
1801,1042038876.7839246,73185307.32175858
1802,1048169508.7757229,-50252937.67783842
1803,1060970273.9980633,-74225265.17065126
1804,1238450541.2808917,104457435.14311905
1805,1396381533.0579123,2428732555.738381
1806,1767260868.8325653,2257121957.5616355
1807,3683074898.121013,1836385167.605235
1808,3527869969.1993723,1629390415.9599006
1809,3392017219.9014287,1356459942.3175983
1810,3343954644.9281197,1035345112.2388502
1811,3196305501.1484084,848900304.2460124
1812,3391053849.9370008,634665041.0983574
1813,3441850966.897536,565874725.7993597
1814,3454943800.8686686,540602408.9511116
1815,3661247503.9479556,569582641.7169049
1816,3323039789.861736,552044424.9426968
1817,2578990917.9806314,524510039.3195602
1818,2516609813.184421,558230468.302486
1819,1999035872.9960332,970998549.0258491
1820,1939856628.9717822,976787757.3585595
1821,1161610627.5530417,-293140708.23895115
1822,1020037067.3081135,-208260933.1894438
1823,1021386347.6048809,-229557625.06429875
1824,847308804.2587948,-150470695.69880408
1825,876339067.1689913,-120099539.7950186
1826,856757632.468822,-127500094.75463942
1827,817488268.6871548,-149693029.9903764
1828,930474765.410848,-156458503.41261896
1829,1430896256.606532,3067854099.2080784
1830,1476339482.7724183,3075150625.9204535
1831,2274435087.9109774,2222524563.1797295
1832,2127421703.2864664,2175922818.294906
1833,1925518021.6190677,1656861875.4055078
1834,1915622127.8874233,1269984097.5166502
1835,1961917133.3706357,1062691083.0645287
1836,1968368654.37284,854309773.1027646
1837,991558255.5012324,881534983.8652073
1838,981610344.7120414,755821211.8909034
1839,1146332549.965042,1032339568.8577754
1840,1182407258.0401537,1053596613.6034356
1841,1060277181.8529148,-315021558.7329524
1842,1062732176.0891534,-314400299.13052285
1843,1028554509.0147717,5644058.459964075
1844,913996253.6333177,-45682242.03139218
1845,751009063.276121,-79926449.60184641
1846,805955946.4424213,-98020817.39017323
1847,866344059.8547244,-178164761.04411077
1848,859821015.3983934,-167606257.68384963
1849,868854058.6146525,-131122169.18145078
1850,869239090.2804792,-109332252.47000653
1851,841472701.2820241,-91232064.91959606
1852,873287985.5705966,-142235732.35044
1853,1046256476.0444634,-101746192.59396937
1854,1138769164.3577783,-85076939.04587623
1855,1154917648.9931717,-81676015.57824355
1856,1030602856.3889735,-226763411.79388654
1857,758209559.613676,-159017016.3186434
1858,777869547.1000729,-332787837.4338135
1859,606600573.3949007,-201380519.46604916
1860,967097761.3898296,-213009131.57944134
1861,887323804.4430648,98058242.99701618
1862,852725607.5757469,176961849.8568759
1863,1099248501.953504,-117980418.9263097
1864,1122440025.887392,30455159.16308289
1865,1145046182.1905777,-2726578.091975075
1866,1092410719.1523554,-158968275.8111928
1867,1024357646.2839305,-144916460.26022106
1868,1013143225.5834602,-168116214.33642942
1869,820010744.5115621,-228268547.76277038
1870,823096972.7704613,-209437980.0708619
1871,767600044.3672658,-208829087.46286008
1872,894419739.465619,-100021360.60642774
1873,911089449.0762938,-105850579.8034632
1874,932855424.4601197,-172245335.53477874
1875,1033770976.3668482,-117315511.10825275
1876,1133213707.465136,-152253725.3071822
1877,1332189848.0458133,957189344.8067394
1878,1744294107.7926035,700983412.4523251
1879,3728182034.345825,527654165.78525186
1880,3599033872.9890494,659066212.3097092
1881,3381190994.0662303,755628068.5367522
1882,3354965610.397595,670815584.4863371
1883,3209962439.0206385,686729723.9040767
1884,3362394911.4950337,671157859.2438817
1885,3395751904.0466356,630369329.2103636
1886,3410094553.2653084,600071647.8028842
1887,3609171927.21157,537239677.6721529
1888,3293865074.1768656,507150780.22942436
1889,2601394453.786009,427669925.71789265
1890,2546581830.8628354,360548427.1963814
1891,2024595051.7148063,412000943.7779268
1892,1975238947.8349552,567763238.5955039
1893,1223251719.41233,-52736521.14703586
1894,1053288092.6782943,-214554278.4126503
1895,1019918974.5288184,36557907.17804987
1896,998811823.2961491,133227065.26851022
1897,1032513253.120695,-188337705.16633013
1898,1020130205.9584504,-123393525.13436422
1899,1112066489.0394917,-47674055.60452123
1900,1255105489.2941546,-25727005.316818435
1901,1393973986.8133547,1759336246.1744084
1902,1775604686.0363314,1654747846.828622
1903,3681637487.573031,1053046282.3514005
1904,3555550776.079499,1015201460.7268183
1905,3363189928.9556456,967730025.1456194
1906,3390744559.324561,866255925.984846
1907,3222581759.6081243,880427410.3936628
1908,3374001041.7268267,791441793.1941407
1909,3422471098.2953596,704869922.3188123
1910,3458846486.051087,649507980.5575753
1911,3624952074.844876,526075555.3200619
1912,3323707224.944716,512765759.4347555
1913,2572110431.98697,415240368.8477382
1914,2498834477.5009265,359371016.57983303
1915,1972444085.3916383,366359823.3720357
1916,1923914630.9668527,390995967.47751474
1917,1117304044.3878708,-92020642.68193057
1918,942161732.9618013,-186867487.76994815
1919,976204964.0597533,174154542.12177548
1920,984314704.5045594,121686477.05663322
1921,1026762380.7956477,44621187.544946276
1922,1010579979.6328677,-21754290.22446718
1923,1073365973.9580896,-139862724.36083192
1924,1278612630.239373,-92860870.83275747
1925,1391203727.0323908,1712465337.2932162
1926,1748795516.3367162,1478911010.1737564
1927,3702002341.3358455,999688884.8928505
1928,3526223699.621342,874833164.0907546
1929,3394735111.158241,686092823.6910473
1930,3402960835.5827117,519206781.1208346
1931,3249191296.276074,408591290.6671686
1932,3351928543.530076,625474909.2980144
1933,3465400283.8353596,581552073.6473207
1934,3478033399.4870934,623591852.5288235
1935,3568837971.0832214,676963435.6574523
1936,3281651433.9182525,647647475.3664585
1937,2536437801.7080297,766322245.1005884
1938,2463713913.3918605,821943530.009678
1939,1954198223.7906394,1084418801.068704
1940,1918193281.8366294,1346216797.3152452
1941,1084031403.8214798,-205820270.46561328
1942,996836053.7758893,-209161541.37188858
1943,1034550880.7634429,-25431652.39107322
1944,1045566722.8320628,2946598.7341925222
1945,1038622269.916283,18317317.86737136
1946,1038491875.8058114,-15957807.18915226
1947,1080265439.1484237,-192150376.80138102
1948,1251765326.4131103,-96989992.0311068
1949,1408427348.0126164,3104936531.999702
1950,1791937339.172768,3425505031.912848
1951,3693882847.692749,2463945753.6957626
1952,3503349890.5150833,2052162667.7050574
1953,3352531001.2244487,1371193033.7674875
1954,3344234280.5457587,844947230.8506935
1955,3223843348.986933,567677760.8399003
1956,3418818657.335733,354845060.35440487
1957,3485402775.528373,324529919.6606745
1958,3534690881.603479,288474311.14168435
1959,3768665363.7813177,365532689.685897
1960,3397815364.484854,259865815.67898422
1961,2722298614.454851,108346854.89064807
1962,2647682517.8037715,-421224.8365894092
1963,2062700006.6339598,88420353.25136234
1964,1954899575.4010067,168413346.8262552
1965,1169528467.2314932,-108116649.66478424
1966,1043380073.348776,-281754343.7222909
1967,931793995.3128841,-177298343.96390745
1968,923645945.008128,-184867672.0239541
1969,960049450.0922592,-281065429.38563883
1970,967239402.4316628,-322198780.3226132
1971,1061615566.6849258,-160047114.20744935
1972,1171881184.685664,-83597992.0063688
1973,1352502509.0177786,937372691.1767826
1974,1759349179.819702,667572158.3300931
1975,3750083324.3725934,393596309.9235154
1976,3591003563.9969835,314612681.33500546
1977,3430350803.8471637,351975190.17690516
1978,3455213375.754738,181706410.89557117
1979,3302728446.8895392,158129099.75418606
1980,3441270871.265909,313662605.1748497
1981,3544552331.6078286,353353746.3204697
1982,3548242028.0275903,313892122.04202366
1983,3719662132.3729315,474193467.5497171
1984,3442674804.619761,288071656.35252184
1985,2734595728.032162,200760311.9574397
1986,2540772439.348048,197506701.21754938
1987,1971023808.8406518,751538230.7324675
1988,1933674858.58895,1175519538.0505023
1989,1056130578.846595,-115241493.39569215
1990,991945747.4332944,52824869.67211074
1991,1041181298.267615,-120192655.98835698
1992,856097226.7179427,52814685.08846435
1993,880725546.1332543,-3270725.8467963054
1994,870713668.4219451,-15143040.497441325
1995,894327830.9483997,-39727170.47929781
1996,1045056041.8549325,-2101681.138243208
1997,1290018248.7729878,2006177817.6011007
1998,1338942400.1952386,1917891299.321877
1999,2351266830.04026,1652827325.3410177
2000,2160832470.22864,1507653360.1643806
2001,1957123656.0777307,1369534765.3087776
2002,1913648642.9000962,1159020876.2784863
2003,1905352273.6880112,1006026969.5370752
2004,1890783982.9088998,910156210.0574654
2005,1050707097.664147,1237372696.9457898
2006,1042053989.8479415,1225854296.5768569
2007,1117298420.9221902,1328514535.9973042
2008,1101191936.5461,1406962019.0038579
2009,614082594.4830966,-437686866.5808147
2010,440501673.44993895,-718786467.5129098
2011,945061683.9200268,-120058073.9901726
2012,1022195072.2630892,-11363832.49437142
2013,940930018.2444214,-471430574.6120751
2014,823030897.048713,-216330760.7886843
2015,849511796.9392163,-150797329.8457489
2016,803992653.9866405,-87946809.2233759
2017,784354457.4297564,-58268932.47780518
2018,786353248.0126468,-25807754.51572907
2019,821492879.1850364,-117426814.05810255
2020,933546056.3390329,-184992796.90875256
2021,1115181713.2933073,101689410.80208324
2022,1210865860.5172448,127189425.84185407
2023,1219603671.7852662,132369014.09630214
2024,1040456046.9281049,-20639078.31518784
2025,804186312.0860202,-215857177.64912733
2026,834639839.0133462,-120749898.20786643
2027,710437164.2561574,55572524.84585376
2028,751819545.2673546,4784916.0823653145
2029,677925800.3562936,-36823109.1995567
2030,790543081.4113871,-114364164.26158199
2031,942111473.2372798,-293150165.35233706
2032,1110988013.7619114,-148627286.0588081
2033,917065611.4951748,-16302628.092608493
2034,835894223.3267515,-172184228.03290042
2035,944175460.875406,-172422838.27833006
2036,978756084.4124718,-249208051.73974136
2037,539969534.4104875,-248174316.49963313
2038,771969828.6677891,-225547808.98866424
2039,776060197.0173017,-455897629.6108145
2040,981259053.840299,-191150105.19325376
2041,956809982.3935603,-154380848.34875607
2042,1044186689.207354,-220458427.04651275
2043,1076538838.7351325,-294525811.6148597
2044,1191156843.4394443,-188134740.96366286
2045,1363010481.8421087,2276829854.387654
2046,1796688464.7397652,2287133015.686495
2047,3720256550.268714,1750811022.1921225
2048,3607115144.638847,1223191027.9533267
2049,3428474147.9095263,604193494.2986289
2050,3421987831.713423,451241780.8323244
2051,3358200772.6303816,164245305.96897146
2052,3514130425.6916256,178699412.5739755
2053,3521181548.7220364,136203509.83916673
2054,3590497100.619114,167553840.71352622
2055,4062497761.0144176,612834749.7874578
2056,3550366116.455179,269508070.2462008
2057,2891134648.4532514,20540830.718455706
2058,2784096460.419989,-146711129.39276648
2059,2361079250.453206,-135158174.18646172
2060,2260974619.8709674,-97598884.63910864
2061,1216142604.3920865,-377864804.65272087
2062,1041791795.760578,-462110225.6351104
2063,991812190.1233773,-378462785.20681584
2064,990461855.4267948,-372205813.49663216
2065,866843318.1671907,-739988588.2539054
2066,981913836.1254977,-351040793.73891973
2067,1093247209.6723623,-370698495.1169669
2068,1275095679.655991,-391581256.4136223
2069,1468588413.9980605,449777383.19802606
2070,1860854141.223091,295600973.5482434
2071,3861130955.5695567,467083900.6942788
2072,3766941068.616967,387585223.1613659
2073,3574993205.737373,213884966.66146004
2074,3678440723.066845,152076183.45206034
2075,3817854521.0237722,116309016.89134106
2076,4178763792.629785,346305650.70203984
2077,4223363498.9435635,274147875.5673904
2078,4219069982.8963346,299949063.29499006
2079,4368787727.313364,390337243.1566717
2080,3921772377.5541143,359636906.9600298
2081,2920106831.506964,156320972.4218222
2082,2626715865.346469,159625869.81507468
2083,2015952487.896752,216160857.37129724
2084,1923569842.2273037,271145242.0673575
2085,1103000407.9623582,-87334279.26407179
2086,953125206.5062695,-200931670.3153477
2087,938932282.0613462,-85912074.90487994
2088,955244550.1346903,-184445739.2728895
2089,949699812.9735018,-215611292.70109314
2090,949203893.5937835,-275477002.84481436
2091,1051844443.5980724,-274854288.3018639
2092,1173585973.4534342,-305464781.92133945
2093,1365111373.4737647,836942148.1046336
2094,1764826435.392722,753480576.3278855
2095,3716499635.860738,626012146.0853612
2096,3605844241.3950047,488952020.4587221
2097,3449300301.5914626,298768379.0622697
2098,3412640928.8188586,397027787.1420873
2099,3290390387.4527407,151063181.11437508
2100,3503595038.4721017,351121503.82625985
2101,3602551350.772339,303594780.50526625
2102,3668339924.3044596,295395099.46453434
2103,3957159353.3498044,399760165.4403607
2104,3412997140.2230716,187543996.00060186
2105,2725429654.7058935,177110253.79000896
2106,2598074500.2347546,144708728.38929027
2107,2003887693.7453756,238065714.38389358
2108,1923351229.9989657,269314563.1569195
2109,1122049546.4891872,-105043815.28461729
2110,986713112.6173859,-33497115.168750998
2111,1050943283.2227372,70917782.51991664
2112,1046410769.8840781,44397854.17498623
2113,1036872669.1563696,-30946604.435591597
2114,1037333441.8755834,-29020263.185903605
2115,1107232593.0870066,-7027382.271792071
2116,1236765961.8429115,-9226524.869151132
2117,1416664495.1017513,1628055508.0319636
2118,1765371560.0971465,1487321293.8548903
2119,3709090368.359786,767272321.2607442
2120,3581938713.052968,803657110.0725908
2121,3405574692.7244306,784159815.8869742
2122,3423371204.2708797,533399362.1672046
2123,3240692658.032786,453053181.78086025
2124,3391990156.9728403,447378550.0141718
2125,3456724682.156431,493098600.94332236
2126,3463927990.226826,523753106.5135555
2127,3574421018.10436,577886351.004882
2128,3285642161.485235,709598479.0117775
2129,2579523214.1539717,1056622889.8869333
2130,2509923073.1567907,1052825495.127352
2131,1993835221.6411836,1502928077.0875874
2132,1935599665.4514782,1589073286.655158
2133,1135696291.8298707,-142864994.1257346
2134,1017566608.5412529,99269480.98067573
2135,1056670080.085339,-1020660.3312053097
2136,1075497443.1843843,4344796.574789319
2137,1036437904.9659289,-28846397.793654576
2138,1063470607.4263529,-220304930.82155648
2139,1043693581.560476,-161357288.14653096
2140,1210092633.986146,80036622.23473498
2141,1405567288.5140634,2891084645.6793075
2142,1785608655.749027,2809561418.4115453
2143,3670263413.167219,2542540913.1651893
2144,3562095611.4653425,2273897058.0326247
2145,3433129147.360044,2004727241.901751
2146,3355432885.249002,1730795769.181061
2147,3185498078.7765803,1366310980.849566
2148,3354595164.595877,1125780577.6674614
2149,3420524280.8366904,905960525.3302844
2150,3416145402.3377614,771392349.0808378
2151,3653526397.7016783,812591899.8115138
2152,3306539618.9546695,837756914.7963445
2153,2554400293.358711,728669839.359897
2154,2484610008.9282002,726735132.2022138
2155,1960890147.9506946,1183518801.0344787
2156,1893029678.7818344,1280345820.171458
2157,1087598789.8626854,-118029886.90402073
2158,1045435977.254986,-232698114.17868814
2159,1051994871.3050317,-156081673.81770265
2160,862967344.4467554,-132650584.19866924
2161,830087643.5448046,-109231134.10380311
2162,807808878.3842181,-77989923.76851204
2163,805680396.6240661,-44907486.20400634
2164,910455754.7873979,-200129270.61806452
2165,1368621646.1916506,2717155599.7824883
2166,1457306160.2428164,2885222326.5854216
2167,2299899194.9130855,2196836860.8127613
2168,2148004466.3444085,1877847698.835066
2169,1953913008.6406455,1330677668.8167706
2170,1935638853.9779408,966947267.1453686
2171,1895040243.4959936,749393648.4046427
2172,1910550113.3100202,561332765.2282014
2173,1087614605.8599126,838376355.723123
2174,1162489294.065654,743341095.8376472
2175,1395215015.3957682,874446513.6473222
2176,1266072126.0380683,885917628.4493257
2177,1245217152.0945187,-460744763.9562341
2178,1127062514.6769426,-497216485.4642052
2179,1104846662.0386593,-459334926.59147
2180,993696578.3263257,-502704521.1090867
2181,998522039.0802896,-467496415.443528
2182,909855098.3593761,-366301664.8627697
2183,871832210.8925005,-251334447.3110548
2184,871020147.3015443,-331997804.73095804
2185,885662597.5343201,-255807661.94259992
2186,881936875.7875416,-237331372.2675336
2187,911048854.6834111,-278791357.35145277
2188,955768762.5761148,-423159285.4795046
2189,1121839896.659278,-227445778.89819443
2190,1164969066.6975484,-141036133.89094773
2191,1166372648.5847952,-147659750.61240134
2192,984687259.105907,-334845123.3303836
2193,685520993.691314,-228704302.44878367
2194,831838650.1711383,-115389169.85856476
2195,854816833.8757641,-9028652.958307048
2196,881985202.4457352,-36433185.13995218
2197,999064352.0518739,-408291975.76656145
2198,918498365.1106404,-314115130.788424
2199,585443689.6376175,-1000767762.4006777
2200,804381376.0518202,-199802636.47111967
2201,843260611.9018875,-394416935.4888805
2202,860270365.4529433,-511415977.4780496
2203,839469693.0998732,-886768080.2953695
2204,983748316.0705296,-239934260.85944587
2205,824135205.1217641,-331209226.9686236
2206,886958630.6404232,-279280217.36647934
2207,794396209.8024944,-159764128.2761319
2208,941589721.0620906,69558868.07338446
2209,921215201.9676375,67892961.1769398
2210,936767599.2408745,69807662.90246049
2211,1084069537.948127,25271206.087072082
2212,1140837369.595165,-214998035.27152857
2213,1332955342.3116012,1226375165.2833436
2214,1753324866.4759297,1035133054.6579273
2215,3702432184.9938154,822622987.2329441
2216,3538894773.666421,641156621.9675382
2217,3402765771.616912,375428831.37401277
2218,3450460141.3881106,309215215.7375508
2219,3315625250.361708,234839020.04364017
2220,3555748476.0448365,433760670.4735621
2221,3606720096.1747766,163133731.4109944
2222,3557445884.013901,115838707.36795613
2223,4009447743.115545,630861462.8415623
2224,3543929708.5169916,306145654.9735559
2225,2862773226.492455,-55307.29557994564
2226,2737269422.36339,-151276732.74738953
2227,2383034754.2038026,30044502.20105537
2228,2237063643.796552,-44939494.89546641
2229,1226653564.6825595,-347888665.1003631
2230,962031018.8115023,-216068144.02465963
2231,1005773849.5421811,-270843017.2857085
2232,1013895539.8515588,-262795741.26454207
2233,1005872963.1248038,-243831319.04470965
2234,956940376.5040319,-312532882.9719318
2235,1059456155.8635299,-279674506.24764663
2236,1228111272.426983,-226401131.60417935
2237,1448075417.0612195,718652937.6085454
2238,1789502027.066412,551455174.0317273
2239,3754587368.916244,497226267.20115083
2240,3616750601.6161532,479260661.64892477
2241,3412835641.3180537,551953127.4250095
2242,3404919207.506022,494631380.7821036
2243,3268736354.1826215,432717841.85519814
2244,3364896650.7897434,658590446.7593708
2245,3477103770.3167496,658520245.8792368
2246,3478168362.6634307,667565611.0977491
2247,3563447176.295043,562316305.0203382
2248,3234782307.7356997,619053165.5738374
2249,2559473977.4024878,608027990.0414935
2250,2466073923.7780857,505086947.1005102
2251,1953041371.4601343,754227688.285374
2252,1902409795.2705753,772912034.4549309
2253,1137911585.8414688,108351583.44734102
2254,1063896760.6849698,-184842938.03509858
2255,1042013219.7217563,82465645.43439819
2256,1052432447.2283125,-30742912.762663864
2257,1044323233.9834139,517575.53452930396
2258,1054115445.06657,27477623.387035705
2259,1123287060.4055502,38761414.59697167
2260,1232116937.32468,-680931.719572269
2261,1414342706.7088246,1355202873.7075303
2262,1743896247.5956926,1001150372.6461071
2263,3748317204.682243,552344506.4251349
2264,3605152906.5828815,642539542.9326655
2265,3381516803.609107,634666132.3037481
2266,3365479030.954303,450527405.03655636
2267,3319523278.61161,478823088.28726035
2268,3417608733.547866,359637634.4302902
2269,3517106996.369751,422481607.8203191
2270,3523933971.5727944,304181485.2703242
2271,3722143135.1379437,245010145.49020836
2272,3492742979.841433,172587571.18075284
2273,2838257464.257409,115987111.3010892
2274,2724744734.1593122,9720801.799560564
2275,2143487417.5363715,-14776395.486171406
2276,2076515104.4784598,-50311862.768935375
2277,1191025394.9291575,-478330630.03250206
2278,920788872.975718,-396779758.89484227
2279,969313406.8680328,-403337903.2928548
2280,945396807.327937,-266119552.88456643
2281,955299730.3916823,-114605684.38805345
2282,1000322953.9645398,-55780984.18704501
2283,1120010161.5134141,-111810743.64738077
2284,1290361807.379419,-31724270.144019265
2285,1444920652.8143365,1164908656.8314884
2286,1767754679.4126534,1074976600.8231127
2287,3734645505.212601,631377966.7264861
2288,3598349567.509027,636586653.7913524
2289,3464457035.33407,494819068.10930127
2290,3490012172.1868854,350550075.9366715
2291,3567998317.3637695,177227012.76681218
2292,4079577456.4198775,233850387.9596802
2293,4214849571.9029555,367914427.3186305
2294,4181430721.2288656,306437370.54799885
2295,4366219560.8303,224372905.40645695
2296,4015675116.290382,226682987.21853557
2297,3359822088.079454,161429632.3258758
2298,3266929376.499434,34864356.411707856
2299,2497928220.859818,-50942.4740172085
2300,2341084227.42555,66984350.821630016
2301,1292399435.022167,-440729147.2100425
2302,1017399310.4372514,-400457848.5317087
2303,1036280799.3934739,-539221345.7732061
2304,1031669206.0686797,-505823186.1156624
2305,1034791635.3878987,-486462292.60388136
2306,1017193702.4733002,-545433941.7975019
2307,1051670467.6285752,-356003595.8557519
2308,1274085916.099697,-216279110.40019193
2309,1520486324.365596,447851041.94833803
2310,1894367536.4139376,164187835.81839544
2311,3921248516.5792947,357382476.62287605
2312,3735710449.025887,233509204.40752622
2313,3705209122.640275,137109937.78369513
2314,3815034352.984892,141702457.53795505
2315,3721862840.5204206,119823425.71960492
2316,4123294630.088388,269498613.1328149
2317,4358786393.600205,222229050.54889256
2318,4405600339.525767,186137795.98714006
2319,4597747176.437142,140837131.6631424
2320,4273993581.400051,49758218.789157666
2321,3669151987.895416,85548664.39821152
2322,3586085667.5258927,-40445911.096628524
2323,2984256032.9931784,-56871462.10746884
2324,2850758252.7323437,11871567.62459929
2325,1374758253.1157346,-659599487.122194
2326,1020458475.7675624,-367259743.1957905
2327,1139882610.5625606,-649383622.2546078
2328,976725134.6352197,-578263219.7113689
2329,973029287.54987,-561940242.0072529
2330,969291264.471915,-568002979.1578947
2331,1064233992.8925103,-526684123.3045041
2332,1246942325.9253817,-485411098.07752216
2333,1639848249.5715015,510185058.68578714
2334,1599151931.3733518,312638690.7832576
2335,2494361010.5519147,271635557.02290493
2336,2421100432.729842,301239231.80190915
2337,2334657748.4189553,165013514.5640132
2338,2425950496.146159,58683187.67956443
2339,2618896084.850825,-65486892.4020515
2340,2889166347.5983486,-25887048.774118796
2341,1914898106.6810308,-53246477.799615644
2342,1944555913.214535,9387256.6851414
2343,2086303976.628868,75566317.48423168
2344,2011538418.803993,217223691.42182374
2345,1298678561.6545968,25323947.680955153
2346,1246958141.9226086,106643847.01092012
2347,1246468724.6750836,87712160.95280823
2348,1046079864.0754284,4739085.4559565745
2349,1092326015.7005396,-111470287.56548727
2350,1056829997.3906344,-245230244.35556692
2351,977614696.6125884,-207842637.7896815
2352,886121612.9205087,-341051172.1223354
2353,870836330.2671058,-327719552.12921524
2354,877138829.428771,-347349609.63736504
2355,928834646.4984059,-147637199.0343272
2356,984002250.6926745,-56206554.28941188
2357,970595557.0432366,-20047644.99343696
2358,1027644210.5077055,11156100.623440627
2359,1042477682.8403231,93723975.18521819
2360,1046630085.0456262,-210444071.44107282
2361,834154112.1651741,-292335398.6606261
2362,846624850.2453774,-222813975.74986988
2363,899685236.4090992,-267130736.54660052
2364,947380836.3134155,-222771782.47476342
2365,920469038.3651272,-226368395.44245884
2366,949034135.2235467,-80405852.50348704
2367,1117959178.1396747,-247890603.0980552
2368,1264827582.7896042,-188384263.26299933
2369,1135079292.2047145,-259671256.49588275
2370,1094462229.7260025,-229999199.51239568
2371,1128632867.4682832,-233042207.6118839
2372,983973957.6309683,-31642793.47484817
2373,1014451208.5541348,19644951.09270391
2374,915382613.6569173,-218711043.48089698
2375,820332336.4551781,-351890479.0031326
2376,1044500548.8856591,-300276464.0237659
2377,1061504151.7711265,-202956947.5204577
2378,1057135773.3370234,-135214916.8667773
2379,1092993977.9834273,-40856204.323525816
2380,1324105588.929873,-31093553.428203747
2381,1393297062.132038,2046357455.0266168
2382,1745120581.5143666,2119958894.8931417
2383,3680371065.528403,1525960149.2687604
2384,3529574933.700445,1209219234.131005
2385,3391745711.9490314,1054142943.7690382
2386,3353004778.2080493,912138202.7820783
2387,3173483632.2163763,822064290.0729138
2388,3339439924.586341,844278685.6813343
2389,3454744519.303608,959938454.9210035
2390,3409799321.3170705,987015625.4854432
2391,3553488018.5744905,874753142.3621045
2392,3229383253.482302,1034004384.5488294
2393,2465252722.0553985,1154754263.2009106
2394,2423568255.497165,1070112007.1914423
2395,1949808757.3602335,1058420832.6356509
2396,1904814354.04899,1098460795.7711594
2397,1171359959.7103822,-351827189.0904729
2398,984465132.2115186,-159085398.52312627
2399,1039716736.9243929,-266869574.72309676
2400,1037548890.9044759,-173827583.35127097
2401,1038611725.9181317,-126285219.41967757
2402,1036692366.7879815,-200695969.9509599
2403,1065690470.5038165,-80709935.07235773
2404,1302106591.1869023,-96530958.29675895
2405,1349861061.7475636,1642420135.7949314
2406,1731149081.0306215,1524588504.0926704
2407,3649610971.8548265,1191079035.7162695
2408,3538274435.1085167,923517656.3312643
2409,3409263510.4776797,918725082.2553788
2410,3385692929.8102508,835725454.0940206
2411,3253001721.4746685,576091318.1372063
2412,3451851949.1440883,670535508.4360615
2413,3602748699.271072,559788709.6003832
2414,3654378967.818866,478251660.397672
2415,3763154367.4142137,281769581.4861899
2416,3530908573.733288,412299934.05497426
2417,2816350902.2315655,279197974.11547726
2418,2736036038.1796365,82596590.0812803
2419,2146133961.0723598,65578514.54329843
2420,2070645963.640815,69962614.06793766
2421,1251412453.9416454,-54631581.17552423
2422,1127424525.280139,-203082799.87551665
2423,1026281223.0133413,-127816544.31793785
2424,1013703639.0852044,-77012203.73845892
2425,1044623737.9307274,-178276791.46422103
2426,975404850.3333685,-223075137.57337365
2427,1031235847.7446593,-133011409.4478555
2428,1246723362.2304387,-71433961.78128085
2429,1435372008.0884764,655475055.3689672
2430,1788024285.7255006,548032062.7211506
2431,3721166057.975919,512969087.372553
2432,3646833858.4750643,550171916.4922825
2433,3460894130.492079,652071585.755423
2434,3423027997.1310534,583495510.4481294
2435,3260111627.294773,287569338.13767684
2436,3469602945.765184,484247470.28435194
2437,3573117428.4662485,430317917.4659532
2438,3569866362.369583,373124933.059148
2439,3649634871.5839696,307146290.3168134
2440,3296305658.2822976,377373723.1153424
2441,2579986183.5394673,171463629.62834802
2442,2523678333.811782,72407277.87820068
2443,1969893667.9721298,319120087.06879205
2444,1904759525.2586029,301495301.3335897
2445,1314835657.2218137,-496828016.3451216
2446,974147830.0204254,-297746322.4578993
2447,989143855.6578764,-573614684.7470539
2448,1010161207.1729567,-571673066.6218963
2449,994101292.1220348,-221671119.9706932
2450,1008700863.4289951,-142152800.740748
2451,1088439849.448558,-151145060.63024697
2452,1211623798.2510242,-367600199.27768403
2453,1347554034.9520488,1578719202.4380853
2454,1791966159.4343817,1610332150.0764694
2455,3739303931.4625173,1221838297.0040085
2456,3551121945.389328,913846302.9536295
2457,3396227965.563169,740941898.9186627
2458,3395177256.1473875,655335744.8140898
2459,3229327458.158751,489034952.0684141
2460,3371172614.222728,493100419.61897355
2461,3486110453.5376306,337301023.81811315
2462,3527581063.6500254,221873681.3266597
2463,3689967070.3792925,213527051.29331562
2464,3360933337.6179547,280925715.9840607
2465,2649494855.3526855,111380042.14162014
2466,2602644620.5001535,15108446.548499107
2467,2032002913.3493378,97010685.82195926
2468,1930942908.6679358,172734520.173365
2469,1191672620.6823475,-203239205.98151472
2470,955807599.6359721,-192430452.85165665
2471,930548749.13121,-58784708.89246862
2472,936269219.5949209,-7146687.394506886
2473,1017244489.3977292,-92830317.08181831
2474,1005954503.3771743,-40320786.211830065
2475,1106149724.4768631,-149290738.93634412
2476,1315388865.6581542,-130949031.25946221
2477,1328048692.7718718,1939233094.3528802
2478,1721601842.1711817,1811456216.7199225
2479,3651491757.525073,1386373155.6924267
2480,3545674915.944342,1246145624.5517614
2481,3420006262.9941797,1311707063.0997243
2482,3391583422.244152,1397130622.1689227
2483,3228589026.821552,1469494635.1224115
2484,3369486892.5182815,1464457994.774143
2485,3436759094.456948,1506276986.4315972
2486,3431785139.062352,1542959674.3151007
2487,3579250872.190887,1397053510.3213143
2488,3259829970.7441554,1427300996.2808223
2489,2557190235.2695575,1375150471.984369
2490,2475575559.845521,1339388761.4506032
2491,1975812717.067691,1650435403.1246378
2492,1922670966.3849013,1635689580.945191
2493,1125429249.363299,-190176749.98476338
2494,1053900523.2375851,20816905.682298828
2495,1044301618.7872037,59347731.76249116
2496,843598722.7759408,216304169.01260713
2497,838471176.4749407,244769716.5691276
2498,850846667.1051768,185376498.35957265
2499,853975774.2898916,193536532.27110973
2500,963199118.073369,48966731.14578133
2501,1427835685.409801,2748256044.622381
2502,1468450111.8889751,2581577331.0763984
2503,2271043435.1722937,1563595823.1934614
2504,2097753177.0215082,1241310129.730509
2505,1981721046.4317985,971279352.5463852
2506,1959101358.6643183,699918032.255887
2507,1965641976.4509015,464518476.82078004
2508,2006513500.751666,291496222.6036194
2509,1014400773.0963109,526920875.762712
2510,1046163161.6608241,409099792.3792275
2511,1309284066.4618268,328174909.40069026
2512,1299475336.4482336,311077175.8691884
2513,1099656906.1485662,-204919662.28316852
2514,1000078157.474126,-236277995.33039305
2515,1010239408.4925792,-242953989.9105995
2516,988075572.9118425,-271036524.3749898
2517,815984694.5507727,-23887233.02812473
2518,929714543.144136,-199446903.5137566
2519,782732439.0474741,-275679239.5772212
2520,761374516.3921053,-256688628.42801237
2521,765335545.0309615,-200712701.76695037
2522,764196090.2974058,-155610273.08892706
2523,888451836.5119565,-162893705.33661443
2524,964564390.100666,-294739687.87143385
2525,973029639.0164751,-520491168.97724056
2526,1129570228.903938,-381606911.67250746
2527,1173343461.4959533,-292333943.72010523
2528,1096688419.2023568,-380337476.06801146
2529,816357952.0853304,-217085147.44877738
2530,812304839.1959525,-239457767.83884704
2531,968975647.4605846,-346104908.0217245
2532,1113198914.4409463,-305146877.4175201
2533,1032504993.6554765,-200761442.27440095
2534,849495980.9419893,-62182722.47905948
2535,1099401741.3933036,-353103899.39757353
2536,1119213210.9864748,-569492838.251309
2537,1349584457.5293932,-505125542.1358849
2538,1255999444.6040864,-450890451.80809456
2539,1223545018.2942398,-156597450.2323661
2540,1173863632.0714197,-535560715.4225905
2541,869853453.9060978,-370375498.32132435
2542,943051822.1390774,-96214508.7334605
2543,797858858.7953968,-96346180.85060307
2544,1039525539.0912485,-164473770.74232528
2545,1043012790.746504,-154364116.5327656
2546,1041668782.4488122,-126760257.49975547
2547,1162821430.0074215,-253022178.31531316
2548,1325567338.5402546,-195762266.644546
2549,1426020536.1280468,949798610.6956348
2550,1808102694.2052035,644876904.8795112
2551,3788681035.47202,649775689.6134231
2552,3684049778.6167564,448899326.5936554
2553,3474787956.8561087,393133638.8378653
2554,3474285359.6108947,324667047.80477047
2555,3493006052.595309,189332117.90080318
2556,4112200586.7001457,288585250.35640395
2557,4338247036.667987,213505954.65576237
2558,4483438989.545177,117320200.55337517
2559,4755646711.9530115,86466731.86690724
2560,4416244417.792901,174160725.61898935
2561,3749259662.383671,-22293345.687465217
2562,3819296939.9708767,-3435134.1256594043
2563,3206785136.977707,-82213616.10072067
2564,3042079406.7218175,-135620845.27211186
2565,1600454115.1450431,-510329864.3791885
2566,1388608849.0873442,-525995936.43811256
2567,1030923393.9327744,-448423600.1548876
2568,1024568526.2469574,-652754719.4415618
2569,1105157885.7174265,-855758205.5029035
2570,1008034482.7458299,-1034373251.0824513
2571,1037204102.1649269,-926417391.9010131
2572,1340314174.354729,-743724875.5116084
2573,2211066186.221288,330035778.3269372
2574,2325579453.8772964,264037130.15244
2575,4095372365.6505957,131318910.77533363
2576,3869464755.9750786,291473307.290415
2577,3755384846.6430907,218168311.5550261
2578,3738519370.133406,251629033.654969
2579,3569772169.319431,177997767.50776553
2580,3614551123.6017823,284792584.1535156
2581,3578136723.0528946,228930506.58821496
2582,3585160783.154717,319612948.17025113
2583,3774505332.8907437,436702923.94197714
2584,3377845559.1861105,548986867.4379994
2585,2581956241.727395,299674807.0067981
2586,2546368754.233527,220219777.68951255
2587,1990846173.8985794,373064189.2923999
2588,1937130829.7163563,373956431.5668494
2589,1129275699.8889105,-17901607.725091197
2590,1008432694.4093459,-220803247.94996896
2591,1024962520.3112128,-177497670.81527245
2592,1019542553.7948153,-155752857.25997648
2593,983735487.5394454,-213060054.49767327
2594,1038062735.0810516,-164478135.563888
2595,1153979936.0909119,-41111546.38494594
2596,1234893172.0379298,-129963309.05654407
2597,1363341387.6507585,1230658873.9120398
2598,1735694598.6336672,1046788583.1709564
2599,3652742012.1058693,844451096.1330624
2600,3609754483.1094317,672990356.8299708
2601,3430356954.512752,651521981.9736483
2602,3425642732.939285,604684900.4595672
2603,3273304189.915087,445878142.60198087
2604,3463237006.881308,601334899.9101664
2605,3621626322.094639,541218212.5265877
2606,3641691726.3099546,384702985.9894385
2607,3655196479.1422,269079590.2627921
2608,3348362080.0887084,348516069.088436
2609,2590022576.0464783,105849813.2216322
2610,2573622704.921827,139113027.14586124
2611,1974190347.218804,344242908.77851635
2612,1950109612.774152,390838833.9012562
2613,1373617919.7156663,-469625720.89588326
2614,1156502060.448714,-750264833.1531096
2615,934722063.5995132,-490387722.1293029
2616,970406468.0097225,-550119577.7451003
2617,972828775.851692,-378974924.270177
2618,902329846.8787596,-39268136.74494995
2619,1049225314.4572778,-67669303.18342006
2620,1118696906.5436637,-259591962.237493
2621,1337773070.800254,1327744508.7266111
2622,1754009874.8891623,1232197109.7777743
2623,3708273735.7029643,882518523.6573441
2624,3645407606.991792,513486682.46286756
2625,3415338786.479183,525789295.7725724
2626,3509055599.381382,234564763.75544816
2627,3504975906.8299975,179239195.507234
2628,3663314654.785527,276524520.90830076
2629,3793121464.5601573,539085633.4580604
2630,3897463453.416137,633794622.9317216
2631,4172001838.748675,616458279.1547902
2632,3704620943.2767324,570047495.2133363
2633,3016784706.6233406,277727029.24883485
2634,2998416183.1771812,230951418.97176227
2635,2539355941.063066,48035932.94752763
2636,2250520245.7039065,-107298245.62177102
2637,1146368048.0921516,218211596.03552324
2638,897707006.622604,-54589387.900417775
2639,813556763.2431225,-145526080.33848333
2640,979957221.5352126,-278325776.38476086
2641,968825571.2202305,-198338238.83682138
2642,964822366.588769,-187642971.06759447
2643,1046047001.9478567,-195623319.82479888
2644,1185261518.3397236,-185793014.1952544
2645,1421482750.7903118,594467216.9163297
2646,1852817154.365529,475149727.2070868
2647,3840278090.4256372,311417268.2159517
2648,3784229359.4525213,296891142.0551625
2649,3854495617.5329137,350619549.34654504
2650,4133522132.5618925,581667741.4187332
2651,4122903623.4902754,377664347.4843946
2652,4346610975.334891,264167347.3290617
2653,4485184460.572482,227078003.56996328
2654,4486518627.805232,205027288.77014548
2655,4611325825.123098,293765566.08111244
2656,4160091162.7036104,224204859.77629158
2657,3420045363.6539907,20889652.70834445
2658,3398297664.5336275,-108268690.94921957
2659,2919482275.349799,-66252918.58631187
2660,2929995168.7066,-57782254.87355999
2661,1370834128.4704082,-42974597.721974246
2662,1229695332.4159205,-178307345.2151602
2663,1123065284.977767,-342522844.45923823
2664,910298824.9482453,-167984542.21928683
2665,840462234.79252,37272282.97381785
2666,844467196.7570068,2760366.3475157376
2667,851495474.4580897,-286442889.550931
2668,995697653.4421488,-306418495.4327975
2669,1713162777.5174484,73196219.37566543
2670,1790936010.8149953,-219795701.63923714
2671,2683725945.351034,37860806.4145269
2672,2641863373.0906944,38242364.566136174
2673,2756311267.958164,-121657053.6226553
2674,2956176003.9830465,-19608980.426381875
2675,3013499284.6660323,105609748.03568165
2676,3053763826.139884,199166788.3519104
2677,2221101084.995228,-192305327.96685818
2678,2206944713.077229,-104637159.40902227
2679,2423081825.7157826,-18861868.468893368
2680,2378526579.9275427,-61733873.32835802
2681,1469891124.9696593,307500568.33365554
2682,1387696793.2472527,-68310204.48288198
2683,1436685263.0582268,-339724266.36726326
2684,1232055606.4020996,-513006954.93766725
2685,1149867952.545189,-700006822.7392331
2686,1298677858.7213867,-340587046.0961643
2687,1161021920.9895916,-255720365.51134518
2688,1114299356.381342,-276322323.2874645
2689,1088971618.4219909,-266271594.16900176
2690,850509610.6309388,-541168056.1901869
2691,966328049.5247813,-480595972.42356265
2692,988638622.4131243,-608216080.215392
2693,1219196497.7233217,-278202106.4404833
2694,1098612874.5982802,-485388546.499448
2695,1160732663.9736395,-428631316.77865607
2696,1070464617.133444,-356290219.13837165
2697,726741700.0641905,-320018551.952026
2698,728159516.3489417,-329999443.9254849
2699,825861609.0857446,-466269900.58439887
2700,795847766.8813299,-158701294.2256054
2701,849302322.8426095,-113563946.97508018
2702,892639033.9111589,-298621469.1812281
2703,1056792566.1971971,-420161380.53616464
2704,1259154736.0508769,-188926956.07729965
2705,1309711098.3869562,-192970963.2551756
2706,1160371004.8370483,-247765478.21325675
2707,1034686195.4063852,-280814452.14578146
2708,1086842960.9285364,-301510981.0557601
2709,1001395805.7764393,-384668106.5285071
2710,866188535.881992,-295334758.544487
2711,768320550.9076078,-237379385.3047237
2712,994355051.0108773,-426501283.85604036
2713,1030053865.5518934,-263387902.05655342
2714,955682126.0579711,-266852115.4368458
2715,1092407204.486305,-290168992.2249876
2716,1279987216.1317036,-313947812.62851906
2717,1453460939.8503225,831480301.3891284
2718,1781834431.6107523,675415015.2080714
2719,3736412327.8361616,446169494.4412936
2720,3614150451.672031,298482483.2499104
2721,3502788949.8134313,376440742.5063073
2722,3627830234.8735886,276279727.1656572
2723,3607864295.7075005,49449771.398724236
2724,3883377737.269084,187237367.2858196
2725,4069678399.4887877,363961717.65844184
2726,4115137441.651901,350933816.4990621
2727,4294846885.8772264,400665138.4443682
2728,3850129435.7650924,345934277.13407695
2729,3183144921.9891534,71006533.8916923
2730,3113876741.200437,59507411.484661296
2731,2575517461.3896236,-88680826.7161762
2732,2453688064.883001,-55522732.24458306
2733,1313901283.2523017,-232718483.3459809
2734,1022828063.6187751,-141434787.59367773
2735,1006189283.0693443,-348459001.78456074
2736,1000321196.6315145,-323354003.09621763
2737,1008194751.5177305,-275012876.81864333
2738,1005209394.174479,-227707668.19195867
2739,1023427665.6469817,-176490851.97480106
2740,1249317010.0423675,-191878302.9239704
2741,1433539812.6763773,651064403.1798213
2742,1817317094.1896658,409174358.0809243
2743,3753470056.5788064,372072283.5922679
2744,3642277972.6071696,193745316.23586068
2745,3883302171.9489994,180933473.74383646
2746,4013609371.3192306,225431738.37055093
2747,4008467678.487377,251242019.47640634
2748,4183520893.129068,229196760.70354193
2749,4269877995.321626,226034083.74620867
2750,4290510842.3707876,191403225.73232195
2751,4448330990.367242,307799194.8755728
2752,3955601389.7562914,347608913.6736471
2753,3227846202.1517897,101308943.85586466
2754,3141917889.217386,39693667.73574627
2755,2584168636.1395016,-81096221.78065997
2756,2480671210.552113,-51389246.22467099
2757,1318627981.890248,-225559448.51283154
2758,1092339019.9649262,-271650509.27481484
2759,1021149283.3797781,-313098127.3643063
2760,1148590195.7025483,-358389698.31004816
2761,1158590826.4824958,-241807496.78012055
2762,1118464587.1177292,-356043606.720077
2763,1154504499.9989412,-237724933.67844042
2764,1325721280.9132643,-253599789.7021154
2765,1513370882.946462,835450834.0706984
2766,1854745300.1608052,578483240.3535863
2767,3885220828.1459394,578853886.4512887
2768,3827784507.016106,337461794.74567395
2769,3669967214.6858172,193490701.644701
2770,3657533204.8658414,163096994.16284138
2771,3572391759.7601447,159152286.67551768
2772,3862620471.0417366,342631562.1516059
2773,3978300508.9765115,633167543.5672083
2774,4002333443.9628773,603694085.9648259
2775,4240316402.771253,632154177.4943929
2776,3686595275.503794,452174397.7062292
2777,3033801840.9731026,49832784.49085442
2778,2968036156.703635,-63013493.51650045
2779,2518176299.8431063,-85353377.74484959
2780,2399456679.8579206,-18564333.132366788
2781,1326264999.7512689,49127865.80847237
2782,1053659768.6131294,-144058045.35288274
2783,936974261.604641,-340419727.9362594
2784,887979113.928171,-249651808.59861964
2785,890090549.5579784,-121983687.76960012
2786,987023809.0962455,-304999928.4249079
2787,1102431383.5287907,-356457537.29827654
2788,1153779775.8593388,-264885035.85257226
2789,1376041281.957451,868556550.6835387
2790,1767591071.708005,661316641.5604304
2791,3714013361.09665,574203532.8113226
2792,3596666921.137375,535349346.20035744
2793,3419236199.662526,571942918.9769549
2794,3407757651.808365,510672827.495423
2795,3205194355.189948,690412178.3625059
2796,3366779457.392969,1146989973.1110618
2797,3448053298.076763,1252207997.967273
2798,3423633749.824848,1184288828.3051715
2799,3608428575.3419,1328780062.6423707
2800,3254853203.6167192,1409560542.7742074
2801,2551850403.13911,1387855376.3481061
2802,2469440973.854416,1358607434.5264652
2803,1933323567.7172074,1706615021.4586275
2804,1879164672.6794178,1751770555.4656641
2805,1116244724.0402656,-264540942.4193765
2806,972961630.2283989,213442301.00797248
2807,987852567.3509414,185555456.04364488
2808,1013059400.798157,-52434620.988946535
2809,1066191661.8826104,-122466000.55228257
2810,1064015029.1975673,-127517554.04089037
2811,1073802144.0149503,-96865594.6165688
2812,1250893689.232599,-77147513.20690377
2813,1433535067.8772092,2569929077.265974
2814,1777215106.020647,2694530183.47691
2815,3684044594.484332,1605214033.0590298
2816,3521531609.460661,1009821818.1507448
2817,3371360121.6565194,760790561.2400796
2818,3386249301.446037,442554694.7170868
2819,3256778493.7458296,390688975.02760226
2820,3390962820.0862937,510081394.17367214
2821,3476102441.9589767,379359716.9263878
2822,3538537507.862393,237756175.7880695
2823,3724663502.1627207,202964183.11149174
2824,3385372392.2664495,304591051.026961
2825,2641386257.174346,133063748.1950378
2826,2618989399.234464,144180584.98019907
2827,2058878510.2373066,275282365.4385718
2828,1917804032.571542,347675113.46734864
2829,1113072034.996525,-257240778.35569862
2830,930574757.6599833,-201913755.16696355
2831,925881975.5494237,-122492189.481659
2832,766485895.2292734,-298905910.05306643
2833,773213317.516438,-299638472.60534585
2834,745013394.46066,-349807731.6474465
2835,920217388.275915,-211489446.20534837
2836,820239549.2714463,-199832462.7517984
2837,1380832474.7174232,1033640285.6834712
2838,1407382964.9957254,897238156.9074147
2839,2243766990.621271,807010384.2381636
2840,2112209701.4202154,750342269.6242776
2841,1978826016.0060437,598304622.5402361
2842,1990406137.709063,599702820.3808329
2843,2000178315.1957316,566512353.4826494
2844,2018689358.3502367,543978234.6947585
2845,1146879432.002492,888904621.3387587
2846,1184041050.553705,838980156.0393015
2847,1401341605.5216086,765828656.5288689
2848,1291475253.5842013,890897526.1172785
2849,1198106216.8876946,-237017105.11501655
2850,1090678164.5227864,-331000443.00387263
2851,1041322939.3094481,-116949593.5672433
2852,980744506.7305133,-179277063.07234827
2853,1000286049.97101,-229850795.5792626
2854,905903032.1189486,-213682041.57036334
2855,840458720.1264696,-147405136.0212417
2856,881216193.513897,-287600294.7353168
2857,882577072.2086309,-188819290.47875214
2858,856035720.0620598,-58348954.206455365
2859,876318857.8392013,-8637273.95818162
2860,934464438.5780153,-165119764.33361036
2861,1177013300.0525296,-77645102.8650558
2862,1259267029.6311889,56986727.03218059
2863,1150131728.232275,144440291.86318192
2864,1122097345.9474733,20027600.449703865
2865,779773441.6996012,-142063321.8987119
2866,718614034.822527,5704438.491581938
2867,717192000.9385154,-16915885.522173062
2868,760451565.0872575,-52003231.12449601
2869,744289724.7208725,-112293056.43006322
2870,745617917.0213373,-153216895.93202618
2871,1078775572.2096384,-91028373.24666832
2872,1166052813.9742043,38892722.97898401
2873,1154964921.2515502,44572083.30236548
2874,1061124919.3042831,-114201938.39350025
2875,1099188752.6306465,-175679722.6343924
2876,1003365600.3644135,-156268633.6746399
2877,748837351.1235485,38523531.8218025
2878,834908710.9662055,87737258.67679398
2879,873014193.0852666,-204064157.25687203
2880,763979586.8686982,-492655974.40140533
2881,908554671.92071,-302740405.79593104
2882,859241446.9666744,-350757807.8076023
2883,908647107.6378367,-512396607.38914454
2884,1131335294.1944735,-386131776.692545
2885,1334851856.1124234,301275241.5798017
2886,1826387920.0659673,231403178.00350556
2887,3792779487.5534487,182907100.56045413
2888,3684531375.7323194,278133685.1244298
2889,3608533663.856808,239277679.8378136
2890,3694792706.866559,201644552.0590242
2891,3612783598.0450115,199712754.7823828
2892,3725865869.418579,169759894.27835962
2893,3760334550.841938,261052319.67378828
2894,3842532748.6970005,313238853.74813396
2895,4164540993.5234327,479917203.5589864
2896,3618959744.962163,196086679.2691389
2897,2882370740.7898054,167170463.8862658
2898,2848199224.381012,-10706199.378919024
2899,2462226418.852659,-58655219.18610742
2900,2138585864.2624154,-110299787.91641326
2901,1167622463.8323348,-505073164.27713203
2902,904141657.227766,-366721415.20305294
2903,930368446.7628219,-355696603.4058394
2904,938896081.0010265,-363171360.3320267
2905,924961133.0442061,-426306321.8262381
2906,789738574.3524393,-556016451.6763581
2907,762106269.8638089,-619055387.0961893
2908,988480813.9074593,-505757713.7922213
2909,1258517878.5625355,777521286.0251813
2910,1637729784.6095932,637454889.5472069
2911,3702443783.391782,477822089.2088726
2912,3498366621.255454,563537727.5876441
2913,3380563626.176225,603254330.1923801
2914,3345074637.198421,679458658.650817
2915,3255103491.772837,487527997.4238791
2916,3404108374.0481834,546948859.5033314
2917,3384537307.612863,558660403.2264156
2918,3377921300.2394977,542913581.968581
2919,3452441710.1073537,301088281.72286445
2920,3255331154.266255,694339062.8284484
2921,2549554008.208398,404222468.017999
2922,2526250366.4275002,248738430.57504636
2923,1954772695.9565854,59612894.67242744
2924,1897686435.5653768,10085991.87030957
2925,1239355040.5889747,-331786838.3554258
2926,975758601.4713463,-390979638.508225
2927,938814892.2152611,-483035907.67713267
2928,950328586.7299272,-474082931.1816984
2929,946318001.2997597,-477304896.96525884
2930,939412736.9104425,-493997429.5616866
2931,1036054454.899825,-480301346.9680779
2932,1184388826.759397,-365208277.06130403
2933,1294769198.6066823,407244743.2150642
2934,1702419322.0677383,265945648.38074684
2935,3745412684.6581516,313009700.6160903
2936,3557348527.7643037,320233116.56729
2937,3540096789.4556746,378578413.8666578
2938,3611310250.036663,337064595.9834649
2939,3475271223.4380455,125072123.64879633
2940,3768084038.0165734,260093877.60563725
2941,3709704029.0521946,330694138.91265005
2942,3708181827.185745,384518208.5432826
2943,3886438659.93242,476575932.65271115
2944,3343028925.823757,325896108.80981123
2945,2526481104.2537127,241816551.0468057
2946,2549602159.133289,132544334.42907208
2947,2078280872.7022054,17307589.14585817
2948,1932105911.6640294,-73507979.49384145
2949,1113344773.08204,-280788990.6866655
2950,950763350.9203677,-294139524.9065575
2951,932496401.3230664,-385336651.6978664
2952,940922637.4457154,-393252983.07215065
2953,945784826.4599067,-388568074.59481275
2954,922234103.6556627,-407044364.2698791
2955,1021464724.6578059,-340625602.0199685
2956,1079779185.100344,-248657356.75257602
2957,1344515078.951528,715779430.0797435
2958,1713165237.7836838,465081902.53750336
2959,3694164284.576739,480634852.97092646
2960,3603675340.9752727,298833487.6505805
2961,3602485275.0505905,300815844.1103236
2962,3677532181.892804,161862477.13084722
2963,3627307428.2985845,102257565.07549952
2964,4115698909.55346,283587529.6670699
2965,4138344254.3831086,415343305.88959277
2966,4190207105.956791,428921174.5658773
2967,4400163239.012374,398921755.9651849
2968,3808445320.673464,223169305.8605322
2969,3108475050.9475017,65292618.73093914
2970,3064995029.370745,59174957.57563282
2971,2669053796.190132,-128776077.59147957
2972,2542020233.662609,-176059462.11035055
2973,1207309721.4074004,-465785405.39093506
2974,1089540642.8555586,-289479350.41807514
2975,1073372827.556888,-457325653.73209
2976,1091568956.633273,-342590499.19346064
2977,1024018481.0100622,-314980092.9281064
2978,967037660.6003671,-278170097.7490232
2979,978744661.7478077,-352621586.61489105
2980,1157951508.727919,-227709850.60274005
2981,1324066400.4034104,111669939.04041193
2982,1749706693.5102952,-21268340.090482447
2983,3791087527.3167624,136099845.3270517
2984,3762991638.3760777,-927544.1378669174
2985,4098855751.173196,259408236.8851573
2986,4322890054.827154,298677081.5445824
2987,4158164027.3748236,211406111.74895558
2988,4438744782.647968,226246141.32713163
2989,4471561966.4275465,287830863.6963109
2990,4473261658.9295435,258070055.34104812
2991,4667334137.436634,269418591.4041647
2992,4243925964.805064,178141079.1490754
2993,3505744300.695277,58151043.184040725
2994,3489436294.154519,-59100430.98550661
2995,3071448834.9058824,-40619049.0186171
2996,3018275364.361987,-40787094.64878248
2997,1267885517.9867976,-140254830.8312178
2998,1100929566.7254338,-314747302.44476044
2999,1042915785.9635116,-369722957.49769515
3000,857604315.5203753,-461469324.3356485
3001,854569049.9192075,-475206145.2638427
3002,842347501.661981,-490488113.0252459
3003,943571641.2479389,-402875959.67746514
3004,920508051.1582872,-441032502.30865276
3005,1955106062.0314705,20775439.877452828
3006,2008282256.4415545,-149789056.06475663
3007,2741910187.4164033,23840999.55501521
3008,2731489466.1767755,49272632.39030316
3009,2810916525.584361,46853066.304025866
3010,2883595777.6416893,20402247.633838803
3011,2845771029.4734077,-44796910.724417
3012,2641293557.857265,-24403009.44278817
3013,1412027596.1813939,-170353912.85759264
3014,1396409123.1864083,-43142643.35213962
3015,1370894404.9931734,191786238.82445213
3016,1274990063.9411752,288413203.63980603
3017,919219574.5841925,-522615382.1377726
3018,806521104.7433336,-376170526.4161184
3019,667922006.3769004,-244128854.38123626
3020,868345486.4371526,-330073645.89205146
3021,840589465.7035463,-337841573.33320266
3022,697851496.5961044,-339903224.0513355
3023,683398838.3300527,-273707067.7011245
3024,599825703.116055,-429478092.1618271
3025,598379418.0362953,-574151557.7992705
3026,800537034.325839,-473172865.88586766
3027,763741292.5104778,-321081386.0025525
3028,763017974.2372954,-351495462.65170485
3029,905220659.705254,-365142804.737863
3030,1088092248.9761686,-647172112.662821
3031,1053409875.8569424,-529460149.8184049
3032,982701297.0541008,-505897388.0822289
3033,848855257.3209924,-311123773.07742816
3034,842446263.7779986,-345092996.8894299
3035,874688228.5250955,-318726564.7694558
3036,1003653451.5139452,-493804649.9426657
3037,978057544.534945,-454986109.3744629
3038,881872733.1321208,-459102136.108124
3039,727376800.2195066,-608117871.7302305
3040,920788170.0425079,-489236136.7070008
3041,895507177.1416279,-335699900.8864196
3042,631055619.7739252,-244801764.37215823
3043,518988383.9557268,-437031415.8761437
3044,823278681.0052696,-354999686.89632237
3045,787861742.6814995,-821867548.479031
3046,932034398.4707348,-631781024.3623494
3047,560476907.8816476,-495737538.42469776
3048,958111990.4319491,-361883737.97101927
3049,949072093.6168916,-286645126.28333783
3050,917633054.3290198,-142510716.10889244
3051,949091951.4800767,-137889825.01447472
3052,1175622195.2297618,-122489279.60061717
3053,1305881869.724992,161599860.36682254
3054,1765650624.581552,103578651.06848797
3055,3754532540.125857,442144765.2253197
3056,3585932779.552698,504819965.51492274
3057,3510408745.810805,398693694.0385319
3058,3535070114.070322,392248307.5308901
3059,3410945541.782773,243068163.62992057
3060,3638758034.557645,322414072.4081377
3061,3657861298.941651,333443976.49717444
3062,3658502901.2291603,282762578.3917126
3063,4026104799.928438,313565851.630209
3064,3657018306.2894506,239579943.73103315
3065,3127447174.3545003,173147359.54617387
3066,3389089503.0814047,-96082836.61631794
3067,2964596001.573456,-165391838.21102098
3068,2956961092.5120654,-191041712.1244458
3069,1283903432.7784164,-441938202.7829207
3070,1086264271.16333,-408100651.08806145
3071,1011022651.8219218,-324155675.32324034
3072,1027990405.1136746,-333201768.0120131
3073,1028653974.0639994,-573185477.2933847
3074,1051648500.9657599,-556661717.7973827
3075,1108700844.8295817,-586857553.3683983
3076,1368273167.0527484,-542496416.8857799
3077,2199628584.2266145,-88360012.33131503
3078,2492149055.473065,-83260445.80551714
3079,4694762854.894293,316121454.6551916
3080,4736058862.9873,390832650.40404236
3081,4742443605.334546,314072170.93148655
3082,4770959145.401654,208922164.54462793
3083,4548566015.059953,210885970.5127294
3084,4768359698.390742,356478958.5593895
3085,4517122933.906122,402528553.51652676
3086,4247177733.83494,388374892.1290911
3087,4307402415.275897,477706057.7023299
3088,3610870741.0470543,399125811.3732429
3089,2837792122.4723296,266857168.61709845
3090,2812902136.1695623,131611353.82003702
3091,2300215163.391021,-191885577.62657496
3092,2161638910.3539157,-278073344.20438254
3093,1267778847.8721664,-643703534.4609659
3094,1096063863.045192,-375581275.5051489
3095,1030515341.2043172,-404371638.53296304
3096,1068921503.0039942,-380592090.6591711
3097,1052315760.3154376,-332027631.0116368
3098,1038537390.7311647,-336940965.1507579
3099,1063276422.1270655,-321320723.7182426
3100,1231289936.4030094,-303727582.9393701
3101,1310152188.9762876,242639319.91138166
3102,1760920938.4774628,82875574.92616525
3103,3686176854.5104885,238535296.43701807
3104,3520452782.716476,249968946.52060798
3105,3479941511.685882,301041723.62619525
3106,3526144268.168602,257568100.86133334
3107,3432593336.520653,183211910.59958526
3108,3714818922.555413,208265622.63456622
3109,3735227885.3771605,300338623.61946434
3110,3748158693.2433677,321320320.8715418
3111,3845011994.1289873,342187441.5575974
3112,3339126064.9080358,273606637.69361097
3113,2562411008.0875454,213376828.68453142
3114,2613271213.303686,-54558834.149478614
3115,2206253378.2651057,-86570435.4905928
3116,2027580057.5914526,-92984540.77703503
3117,1123653640.0746121,-220168893.88285118
3118,936763557.3749166,-282603301.5162432
3119,936884286.1537495,-284758068.42771447
3120,929414390.6634276,-356724518.883864
3121,936755649.3763031,-380986379.54033834
3122,931236569.2772828,-383253904.3421803
3123,967067886.7284008,-465558434.6696727
3124,1147334405.5227227,-308694022.4075045
3125,1342816792.315951,136936799.86170655
3126,1748498702.7887557,-92001000.98489825
3127,3780931548.2973847,171806995.59128335
3128,3616814920.0048766,157714805.44085625
3129,3558417513.4435477,306396632.2134133
3130,3585267277.5360456,262227547.87955526
3131,3457994179.533853,86047708.99688448
3132,3660280092.11757,141164857.01547793
3133,3630497514.939275,278941904.5837967
3134,3622566319.5298314,463336701.382669
3135,3631897406.4271684,496046310.43869084
3136,3259359488.759977,670950166.4845215
3137,2564255680.5641236,416170075.8406012
3138,2559373985.1533523,304930052.1683336
3139,2005114312.1969824,10656328.554507224
3140,1911642471.5184999,-41439635.472411685
3141,1104508902.631211,-315449311.24610066
3142,994851849.0571082,-120992873.27485879
3143,984387106.6251987,-306171883.0145029
3144,952370080.5053306,-272718435.6171645
3145,937031550.6612632,-280668958.0936902
3146,1001149427.6863028,-290526907.593132
3147,996617441.5475513,-222568090.8018357
3148,1128447996.0340297,-397913157.560633
3149,1290500636.688412,550680781.9394716
3150,1698014742.5733156,401386425.2076105
3151,3695771892.828214,327007319.63265806
3152,3533271483.719005,276622729.39346236
3153,3485990954.8919153,467289047.30772746
3154,3503288032.3925953,465803553.0358759
3155,3376910042.9501324,315108452.3175064
3156,3605368355.611774,316767448.2464767
3157,3621346554.677023,327118986.3176381
3158,3633990917.2601185,347404858.2655892
3159,3802391396.2682166,530204312.783281
3160,3256533345.7888107,420274099.31496483
3161,2541444092.030289,310668337.582812
3162,2543466606.60902,221995896.33041635
3163,2058252899.6803265,42141968.89731158
3164,1924542350.323463,-66234004.35954001
3165,1085599647.8131902,-243004185.358571
3166,902826820.6582931,-310333740.37457275
3167,925510123.8812863,-339799195.80409026
3168,745150817.9032326,-401503223.29598427
3169,758053508.4410361,-372044315.09881085
3170,698011413.9013997,-348437177.676747
3171,650682217.9328427,-348896938.88135535
3172,657533707.9315882,-456633829.5143962
3173,1258419819.379728,231247135.6326377
3174,1389719307.8259835,-29821935.412926327
3175,2312114768.238026,62388193.716067806
3176,2249840860.756355,132765485.38825077
3177,2166427115.647745,158509202.96527442
3178,2232016583.3481073,-50076162.40454757
3179,2305749883.7539654,-161889068.90692443
3180,2403531759.410114,-278431987.04278743
3181,1586851303.1299903,-141207816.8724154
3182,1606435725.2963026,-86907254.22118402
3183,1739797971.2475665,-54371874.29254137
3184,1573246558.0486095,-55769344.66287771
3185,1159250177.8335602,-269456458.96927893
3186,1052059892.6269649,-322791668.584885
3187,1029743520.5396386,-304122599.29079777
3188,931482068.7009068,-213690043.74322835
3189,786720179.1483136,-272754081.6599269
3190,724997019.8367476,-339132105.57525194
3191,680997618.484386,-524164893.7925443
3192,702078936.9215845,-566652066.8842276
3193,745332174.6714357,-597161442.1374998
3194,772916328.235175,-641939419.0793597
3195,812180420.0177666,-823161718.0723825
3196,882667750.5927324,-677453789.7245704
3197,974716502.9873881,-511269755.9556979
3198,1106234427.928679,-370333305.0462179
3199,1124559193.7825103,-85068936.87301122
3200,1062675589.9657413,-62517358.79886933
3201,835207457.5804937,-369905552.5330697
3202,825456016.6235228,-390342374.5600654
3203,875961416.3018706,-418682433.4966572
3204,854014084.1498415,-465551887.43732864
3205,840606336.1005884,-416964148.74145967
3206,891672500.7472855,-333227956.9413895
3207,1073745909.358143,-122933036.45949546
3208,1195899182.341315,-173670449.77501243
3209,1171538680.4790478,-130938846.67581582
3210,1015848815.5090959,-114947595.41046785
3211,1001609146.0057015,-143408414.41029537
3212,863477849.6905831,-155093041.7337427
3213,889765794.4149169,-388092309.0444744
3214,776671045.9768697,-562149753.4422643
3215,753121377.5724409,-459215621.4687552
3216,1009367771.3120679,-496506474.48999995
3217,1022876214.5436662,-448026401.39267856
3218,1048488640.4531037,-469258348.4143529
3219,1101604031.1405149,-405478848.26937735
3220,1231188011.0875463,-375536172.3490006
3221,1392041096.2189102,89859653.1616749
3222,1815187733.7630012,-85495234.44563855
3223,3961114934.2562823,200988737.61922294
3224,4246998925.199623,222678263.43472424
3225,4316366131.704311,162695794.3141998
3226,4372141421.658702,167052977.43920213
3227,4193252564.089505,93342780.76873915
3228,4482448556.652162,106783157.56579748
3229,4503357744.319539,198798688.40011957
3230,4510323109.498319,155351254.56463408
3231,4697138857.011047,175645492.42058042
3232,4310315546.231812,104425062.71652874
3233,3586541871.179241,-2589086.2127488554
3234,3517140956.8304634,-72560813.21472749
3235,3071931398.554609,-136430519.6719996
3236,3051659156.2422237,-191442548.23795715
3237,1283083636.9221492,-255442471.8718509
3238,1104833657.7742727,-371495802.5224269
3239,1051407922.0746067,-366607202.3721613
3240,1058052398.2429806,-386043025.3207693
3241,1055016781.1752077,-371139342.0948034
3242,1050288676.6708411,-381324653.21145046
3243,1116948887.383473,-410956699.3306125
3244,1240540537.447791,-399211691.9755473
3245,2054563554.7271702,6794188.941745311
3246,2448458329.666584,-121990235.00194423
3247,4656043887.816126,226130473.5557191
3248,4712601278.833393,258322851.25655666
3249,4672980448.446681,280322279.4030123
3250,4658058230.796289,219319533.24219802
3251,4516546177.207244,136978629.4016828
3252,4737236979.047411,168739617.2380698
3253,4629231994.250321,203459590.3588624
3254,4553339107.289764,269671023.584543
3255,4848109931.341666,309695346.1094519
3256,4480086261.733003,184773789.2487847
3257,3878123047.923709,-11840325.514970224
3258,3912027219.0627084,-26154757.829966675
3259,3511935912.1430507,-133350410.5892281
3260,3485726344.471642,-159663737.38018894
3261,1414727035.4414413,-293712499.8636697
3262,1186337533.3510685,-216994213.66622037
3263,1137386319.0002291,-290694225.753037
3264,1124550055.6507792,-308403761.77358246
3265,1097385026.013556,-350554843.604935
3266,1074467118.8316953,-408483300.44506145
3267,1059417318.8036724,-333031539.9710663
3268,1264038540.2612784,-619659914.8826283
3269,1607904504.238785,73429737.32927185
3270,1975253006.499157,-128212288.13962603
3271,4007202222.975913,304471018.43398577
3272,3768001794.8309927,371933700.507651
3273,3679203757.0663977,280937355.508228
3274,3638578786.589072,292754746.1542086
3275,3424113413.874083,236904308.1130753
3276,3584159806.2635493,364255615.64366615
3277,3519014757.1019344,317411986.89724094
3278,3508134405.4095592,353473415.1783147
3279,3785447191.2390018,602543955.4830446
3280,3317543906.5586486,512753028.7051975
3281,2581451799.2825046,313206845.0566739
3282,2543423727.6832047,213566698.42251047
3283,2046394064.9595065,23608209.071669232
3284,1929147265.7827613,-80835059.9571562
3285,1176116884.4763627,-346671607.35461986
3286,1035687172.2975531,-161897798.5500499
3287,972179089.8322664,-263441734.85582718
3288,973754187.4227751,-277228023.76173246
3289,989911458.7232945,-337914320.3592483
3290,986500475.3213336,-317875424.56472206
3291,1025602892.4656047,-355471815.09535843
3292,1185084730.6373858,-369762968.36202025
3293,1308504864.9984422,281496416.40338856
3294,1769647151.3475177,61901516.11182261
3295,3820863426.629562,171833184.52065977
3296,3710790763.7949934,233061082.72708523
3297,3746499419.4009504,109650845.33251579
3298,4242956356.308397,223672351.54563764
3299,4430451576.635328,147217045.8473432
3300,4866350345.210287,213643082.79985836
3301,4904033540.203386,213245520.30251905
3302,4858337609.548473,193248817.78309932
3303,4989301447.38691,226838302.11914298
3304,4410725161.960578,246394521.3958565
3305,3783432337.533928,17255211.287105322
3306,3781195609.5510874,-26906962.079278376
3307,3312173101.433632,-103208407.81748632
3308,3245333642.752427,-134998858.19942182
3309,1322113476.2124784,-319330365.0856344
3310,1064143314.5084088,-299797788.5923857
3311,1026976599.6914226,-523478889.3369341
3312,1066252114.1386782,-604945373.924381
3313,1028890159.6225896,-551678546.5132579
3314,1030652061.7136798,-549596526.6278323
3315,1025739261.508362,-605304744.2330464
3316,1212014101.9159265,-549514322.4884007
3317,1620398790.5815265,55229522.61804867
3318,2189524095.064876,31522358.03517212
3319,4665223492.6066885,313066079.5612756
3320,4816833621.09193,261770696.55598876
3321,4793898316.31312,289271618.54714435
3322,4745465515.204721,238535660.1721483
3323,4579244656.34781,165830827.40163574
3324,4885357659.211115,259095424.67316112
3325,4908466939.959423,236817375.41695076
3326,4879519095.968109,230680072.56461212
3327,5003992400.011183,253709962.33500394
3328,4523863184.724371,242517832.37788546
3329,3774915692.1187963,71910415.6903091
3330,3689212845.011529,-37333793.32239695
3331,3100116208.54637,-83052389.31102666
3332,2985744757.6654973,-78303463.45076865
3333,1275644319.0264664,-473021552.07169276
3334,1140997814.100368,-329629161.5629127
3335,1051158732.2516298,-393865513.03145474
3336,738146791.3978977,83911492.57705487
3337,732091021.792974,65526136.684545584
3338,806430426.359232,-573817648.9497211
3339,808689653.6964606,-533117870.28797865
3340,871211345.1346887,-298457788.3726254
3341,1352423780.4982486,105370774.0551218
3342,1497541178.5218446,-25898688.298286095
3343,2365370921.300758,434901707.57708764
3344,2181080285.6119747,149827572.87699026
3345,2091593549.0347939,94413980.72726089
3346,2090192075.9471772,113780330.26599535
3347,2105757126.0181959,150016351.40957862
3348,2143119783.4674947,136380285.11245757
3349,1311865237.2092764,-233620546.46894658
3350,1345429946.5244598,-196123819.36399272
3351,1316381231.6174986,-32880947.858144607
3352,1247334211.1900067,158153106.2727811
3353,1046121512.8681262,-189765001.81734517
3354,965994156.2499887,-232260177.0818935
3355,950203816.0851362,-93428297.6359133
3356,778971746.3734937,-159898710.27431628
3357,695745157.2320702,-333508760.46192557
3358,576965612.1907243,-516313307.2714406
3359,639367102.050027,-552806125.416965
3360,610731711.8705984,-610889533.4225686
3361,627999969.1096647,-658434079.7649432
3362,547708829.0535764,-602909184.6653641
3363,483483227.5140905,-328496490.3673824
3364,809204903.7394564,-233648917.80910438
3365,738276482.5751593,-153587178.2945984
3366,803301670.6411222,-287117254.4823739
3367,1142202817.3557646,-544482410.6968253
3368,822370842.7644386,-453302015.72150683
3369,816325617.1576662,-220544268.53724656
3370,867101646.1218987,-92516049.92930123
3371,886157813.9808284,-49466542.32628528
3372,803933256.1303879,-223109328.6756151
3373,788301075.9378057,-177771199.63320395
3374,842290915.5385687,-90838503.50868927
3375,682338815.0492374,-576827920.8874888
3376,1034991444.1528666,-520852721.6966873
3377,1011747375.9615244,-547233703.2218705
3378,826370532.7298496,-338121649.3834783
3379,823203115.685185,-358617396.501571
3380,691825601.6526095,-472417751.75551414
3381,720950584.8128656,-486704540.20061326
3382,802439874.5255522,-292112792.76092654
3383,831454848.6384292,-407242236.1807232
3384,1097113693.7944613,-432420709.36537236
3385,1034849451.6444285,-487373085.36997247
3386,975241242.6287202,-468558522.02379405
3387,1078851137.529723,-580913393.8702108
3388,1154375687.4881923,-411740912.27138424
3389,1420105001.698536,49215525.974857345
3390,1886212808.2436857,86024793.6836801
3391,4044273338.876327,199491967.55833435
3392,3986648631.646189,175371236.13238844
3393,4201862529.3799415,489893730.71088266
3394,4462119816.083015,270484699.07086325
3395,4446336505.250263,230864850.010768
3396,4805057029.55669,226570956.79842532
3397,4839249458.228484,187771330.45699444
3398,4826321813.561723,187963382.60575485
3399,4914949390.022871,292308806.88454896
3400,4668432997.7773075,212211421.32728058
3401,3821045310.5976725,138078200.70036232
3402,3787979200.595071,26636304.03081812
3403,3324169183.863722,61256977.46105843
3404,3285923642.3025503,34550452.99432101
3405,1539979540.947899,-209478718.40544745
3406,1150000455.4552908,-269389531.70531696
3407,1119488760.80483,-293112336.89879334
3408,1118781961.4620848,-380924544.5681996
3409,1120106111.8965914,-325325447.5020539
3410,1128200563.544078,-291061598.23456734
3411,1137621274.4257016,-295402413.2787094
3412,1279529255.1453302,-330820030.3792795
3413,2715504852.8459845,-115290961.37340318
3414,2799013230.3380027,-199579303.10115963
3415,4757595242.81138,155232313.17704952
3416,4648318036.770679,193586000.24882075
3417,4444313068.071694,238139916.3504601
3418,4486662729.113301,138821311.57141832
3419,4331710812.213966,179976850.3513366
3420,4576817427.97337,106548548.40680036
3421,4565355750.51625,138358640.48576817
3422,4574395120.1314,130561614.23419873
3423,4718043739.212513,179680406.2202007
3424,4297550982.069791,90923942.15272231
3425,3610355359.2040815,-65346490.64178345
3426,3593160382.752167,-127518281.51115082
3427,3062546361.533397,-80689565.90506496
3428,3047112935.705968,-168475584.64509478
3429,1233212810.19921,-340146199.11832786
3430,1071559435.6081588,-356397884.73691916
3431,1006057131.6258473,-330774927.22313124
3432,1003020460.1582594,-326122027.4372534
3433,1013044287.73414,-343584951.0395043
3434,1025694976.7161264,-355556929.1158318
3435,1058168909.422553,-382823969.4182507
3436,1206839107.6232452,-343341248.50225145
3437,2104800258.1859612,83977692.37075639
3438,2302722526.1514115,-77008566.38715664
3439,4182966278.826307,201566712.7411554
3440,3924334832.7048454,179553462.6597511
3441,3875535111.444112,263060137.59264734
3442,4108151339.9434233,318774538.69507533
3443,3998533650.6290855,295716277.5845257
3444,4250506913.3845763,217138941.1364806
3445,4358539312.576859,251062334.32207364
3446,4352033314.250873,252190276.96091098
3447,4612633983.827076,278473777.47119313
3448,4119237035.999796,168076891.83079422
3449,3570793882.7402964,29801890.869193234
3450,3605222496.97068,-49065706.21277392
3451,3237411453.674738,-169629352.4781783
3452,3167094496.5365677,-224021576.38222715
3453,1303443745.8857956,-380622644.41011024
3454,1077710276.929747,-293184356.4545785
3455,1035361714.2212814,-326846587.8166678
3456,1115455681.5119398,-354666505.5170334
3457,1191448912.1882365,-295034313.3269186
3458,1073061603.8781207,-301086138.42365366
3459,1085164004.956237,-314096944.0319126
3460,1149170467.0674772,-224367852.2262043
3461,2911272630.522509,-132646219.3771065
3462,3279583624.0807967,-70671572.94832276
3463,5272951868.055191,101003406.34647305
3464,5146117411.3594265,141178315.2152964
3465,4960353251.928992,234924497.79924375
3466,4942109674.860927,202408759.56763342
3467,4661932271.450397,130786402.5446797
3468,4963587096.16201,207045655.00778118
3469,4974516653.179091,193842797.2507618
3470,4977425039.335838,179049689.50438517
3471,5085197704.706993,190982384.18664804
3472,4725731719.731266,104209731.5194337
3473,4055737081.199751,-33100643.876802377
3474,4033328405.195275,-76055580.34595902
3475,3590970921.53604,-103650709.73584369
3476,3544855076.1547494,-140206090.32376722
3477,1406728358.4438293,-281197828.9730419
3478,1180369630.3974059,-222067591.26264182
3479,1132455418.2647517,-242112306.8192517
3480,1140135666.518193,-271104906.57947266
3481,1142535656.230742,-271049618.839678
3482,1139351193.0557327,-276614766.33216786
3483,1147714516.6560788,-281245842.010232
3484,1293461215.6360075,-236694108.319374
3485,2655781011.3172164,-227991381.5935366
3486,2945596507.70459,-228385670.47470385
3487,4910408441.485691,97858552.41052094
3488,4714053890.312043,203616723.93512094
3489,4480213580.51068,249992953.03920305
3490,4396791532.003527,134888971.07852238
3491,4107252551.9676723,134057108.83569074
3492,4360410520.782118,143238874.72803852
3493,4573059459.165578,97144176.61475296
3494,4618884817.3977995,103218553.28956215
3495,4742954549.91163,88540385.84433761
3496,4298574452.823682,63649263.412568614
3497,3573664090.83707,-26785474.54578219
3498,3455689437.271271,-20034550.528748747
3499,2961891378.180984,-173671177.24527287
3500,2774970893.619952,-293514627.9528256
3501,1179274811.922691,-441796346.08213174
3502,1031197186.4181044,-235639276.4417125
3503,958589809.2815077,-495484378.774059
3504,764619256.08988,-540324190.6880577
3505,768281186.6478428,-530967468.1980701
3506,772312860.0743129,-524368585.46547204
3507,840099872.7227187,-534286187.5262713
3508,898165846.27549,-418416906.8515907
3509,1658002554.121886,-54824360.79454512
3510,1687701482.2481804,-155348383.79516283
3511,2566184880.7592154,30880729.265449762
3512,2653691630.2168756,105677039.03477384
3513,2709242948.077202,-40654695.061379455
3514,2946449253.55508,-37477832.43396727
3515,3103109034.554979,-123724524.10287179
3516,3155868565.304782,-122223752.95555067
3517,2282105846.566082,-139010856.68583772
3518,2083838086.927873,-257813297.45067763
3519,2081287845.241667,-368720503.4787865
3520,2111805514.8244138,-342718533.95930094
3521,961338981.0661689,-99533955.5319221
3522,967932494.5768113,-5593538.38843292
3523,1030290578.3103911,-104162121.32894439
3524,1102575836.3034642,-115025434.72833666
3525,966893910.7589036,-116238127.65251714
3526,811240246.8492715,-212414060.9063882
3527,865824416.4791654,-344668154.2573235
3528,888530740.7647891,-377653110.8069281
3529,920343389.0538236,-301798331.80864024
3530,910090756.7180587,-314731298.0990304
3531,878753291.2790449,-265842386.7153326
3532,937138045.0425919,-224242727.34140584
3533,1255724949.1855462,-138679857.71733013
3534,1386337847.6188467,-141961476.06224802
3535,1297777928.4791691,-125616674.25031833
3536,1425325159.4499652,-239220612.53393835
3537,1375561002.8416572,-192863297.65662807
3538,1269940016.0265875,-158939904.47103503
3539,1257052087.0861957,-155492422.90673316
3540,1178284554.7629771,-52149452.64684771
3541,1127414684.2151976,-66081963.07510466
3542,1049196845.6622691,-208650129.77878785
3543,919011506.3540059,-331585329.0932794
3544,993445455.437021,-357363237.7725445
3545,844400418.1020483,-627416930.2698727
3546,905286032.4937923,-380773958.2242851
3547,863564134.7421217,-312310277.0722322
3548,996737467.3931742,-556801392.0873903
3549,821794086.0655599,-674372953.1715384
3550,778787929.3390552,-701761481.0074536
3551,755335968.6508288,-632035638.9535091
3552,722261203.7830781,-478719826.62184614
3553,761807523.2495207,-455061038.8112899
3554,779622662.5260369,-458100409.55947584
3555,750283284.7367033,-566126833.3561783
3556,920006859.7794931,-525750778.9603388
3557,1059537168.9159927,-372406595.2885181
3558,1112470675.6352932,-341131921.32124597
3559,1136782499.372762,-354785810.6397482
3560,1092386819.4232123,-452616738.7361571
3561,848085193.989339,-449191808.74992937
3562,1160341130.1756196,-12692920.660224877
3563,1255153464.4857433,-133387511.57251136
3564,1253042731.7891462,-37907039.88763642
3565,1344354282.97972,-108176302.22614163
3566,1334147517.0359135,-115226943.99048303
3567,1328031470.9082246,-163381837.88138053
3568,1610900229.8468854,-180421373.79204586
3569,1617923587.0154977,-187741907.0230165
3570,1227973497.5178056,-56883829.10189659
3571,1336971375.4741468,-175241785.5375978
3572,1089656626.8352234,-305856160.92146486
3573,904970064.015857,-245081840.42243385
3574,860261051.5879097,-422204844.4977861
3575,834352690.7970245,-452141700.65607923
3576,1026603166.4235624,-315832688.0733611
3577,1021669453.9552445,-315862514.3540398
3578,1018777762.4622376,-324349909.88278216
3579,1088256383.8807247,-377827703.6694376
3580,1327654347.2410114,-397312267.12549615
3581,2310512431.9856267,-102931241.6482525
3582,2608068365.282555,-142417599.91555405
3583,4697709902.377594,290262069.3067554
3584,4676685257.930459,396795724.12900174
3585,4631918604.979284,274014748.5097269
3586,4708755531.240992,155125011.31363222
3587,4543838262.022191,135607347.96072286
3588,4801469258.452393,220216140.33821028
3589,4833181035.825779,181598381.56189343
3590,4787794044.3167,167562570.3566517
3591,4882955033.499028,166035610.27995417
3592,4489470068.621097,83689977.88274597
3593,3802469949.0544443,-44532111.54961094
3594,3714653381.7844367,-35006615.959197596
3595,3248841762.737357,-126648227.07964522
3596,3196786439.2640867,-190627054.07598576
3597,1274837527.4345856,-311518789.42885584
3598,1092299304.2385561,-271116546.10363996
3599,1058368718.187521,-296964291.9279089
3600,1049666756.5132141,-302301741.22887594
3601,1057539608.46622,-318798584.32524097
3602,1057660161.5117505,-343099000.90551955
3603,1065809266.2163216,-349441814.106437
3604,1278714379.8215334,-224853802.36018905
3605,2187233762.9331007,-105264238.7735355
3606,2560082893.295728,-103325530.52941976
3607,4774090361.385999,238641507.09504464
3608,4825176032.429276,234991061.3280755
3609,4816172512.407841,214571698.5873307
3610,4873086554.162578,215145672.62283063
3611,4731015492.938209,152535944.65666863
3612,4939109204.453658,234131555.21534652
3613,4911649821.534709,205485231.29910266
3614,4899527035.3935,203873884.6721922
3615,5055476985.651186,250608756.61467922
3616,4674206891.164985,168577027.63485786
3617,3936854600.3764524,32137434.14038783
3618,3899630772.2361465,-11146318.886495018
3619,3401130353.5703125,-27333987.122166157
3620,3356082527.3351016,-94212510.57668507
3621,1326533168.7709181,-202799813.94419917
3622,1117845478.6929426,-185816293.24358898
3623,1105902819.186819,-246620440.0232987
3624,1102057598.7943254,-249138214.59473756
3625,1127107150.9357834,-259732363.99776107
3626,1124224597.5745075,-268814830.1995566
3627,1152332084.9131587,-272586036.0297615
3628,1207170189.1651976,-168070383.71002066
3629,2676579047.6707487,-240799950.46938872
3630,2995653919.2614822,-174798028.67871952
3631,5017543546.435294,129502053.7998443
3632,5030630405.474141,134824953.69560224
3633,4904136871.385269,233814014.4466574
3634,4944138691.571851,193854073.03979886
3635,4756172769.594112,87086172.79368569
3636,5001841424.388308,202322554.34176937
3637,4864316407.966892,233403357.48462987
3638,4705203609.730408,205491414.79631653
3639,4940538970.602981,206956539.9008753
3640,4617299175.809139,136048922.40881976
3641,3893919088.437562,-32392815.3133785
3642,3582931518.3455687,17383609.788075842
3643,2910463202.931091,-154435408.6182903
3644,2724520322.7319913,-272778088.17852193
3645,1174368162.3829618,-434778440.47951084
3646,1037288102.6835326,-260208857.01835987
3647,953769093.3267118,-246675727.76309338
3648,953688958.9407616,-370871633.0389555
3649,996435909.0460455,-512950939.72761214
3650,995928567.0016633,-501836649.08836246
3651,1061170434.2296364,-508159820.59224766
3652,1256483062.6526282,-301947463.21203375
3653,1583019614.2017908,-10005645.518099712
3654,1920767247.5186756,-41769179.50039834
3655,4075194316.3883624,89760353.47112264
3656,4149371343.3830895,230170115.91203234
3657,4302199567.2547655,261361858.26961237
3658,4356301524.7025385,191305744.71742082
3659,4207431605.603529,163940495.92984033
3660,4452183503.691791,138898059.68389645
3661,4452137110.099925,255442432.76028037
3662,4431602629.76685,265989296.5963742
3663,4549547485.554541,389634506.885071
3664,4002972410.250849,198785593.9354314
3665,3281548278.469672,114424868.91675954
3666,3213298472.169073,-15366373.867401376
3667,2768370526.5105114,-217659121.4842773
3668,2661564570.036533,-225627830.71731442
3669,1254256170.2430637,-503623316.0480429
3670,1102088879.3221743,-431959493.22024316
3671,1085785573.647259,-434997409.0279082
3672,810265278.486877,-330082375.53517693
3673,762954007.3151772,-146006210.71038443
3674,718606654.0238211,-91503411.32674623
3675,557145004.4658219,-259495208.69285235
3676,796787588.58322,-98250697.99247739
3677,1327174068.1252174,-71009119.14917444
3678,1475875019.6538513,-194300778.8912895
3679,2370809515.547223,82680976.63149323
3680,2420655739.607809,-97227147.33601552
3681,2277058434.6510324,-222568818.27209616
3682,2354322304.9712176,-295998211.42202306
3683,2527619680.3207555,-233168787.4372033
3684,2646579967.0637455,-102392186.18525447
3685,1823858590.6427615,-188518117.79092327
3686,1941161097.2764063,-221828253.54695174
3687,2025179013.4790883,-296895909.723426
3688,1885978380.0181208,-129436620.58797379
3689,1232877862.5246022,-314504327.37776804
3690,1113764248.475161,-263013982.34267893
3691,1098070210.160091,-355217927.9744592
3692,950991452.7470418,-346696341.3434754
3693,886519121.6508145,-373294836.4765351
3694,807340021.9330882,-494692891.1306827
3695,825084867.8885953,-364640122.78788775
3696,813628462.4305516,-367680948.4765946
3697,784320716.6356721,-442453979.19758415
3698,776919181.4000314,-531037305.3430739
3699,856017092.3319924,-487328709.68408465
3700,958521624.760129,-448732775.0155815
3701,1106866189.1512473,-198792907.7496065
3702,1183516486.6456754,-266551670.21927738
3703,1353934208.233429,-366969482.5618685
3704,1283208759.0335453,-417776733.02238923
3705,1445761888.1335113,-148272280.57170546
3706,1404526068.6966178,-64993667.5654622
3707,1167988692.0347917,-119646325.82275438
3708,1185622123.0764995,-130863189.76872838
3709,1301267991.867265,-205346687.3260563
3710,1527219897.318349,-286709871.1365184
3711,1400679793.904309,-152968828.57321063
3712,1616232505.4453242,-100863771.16803601
3713,1748738578.7466989,-137300574.1035052
3714,1617318010.0550053,-90475495.84872162
3715,1676700753.2435775,-76088316.50767955
3716,1550264508.2113283,50767947.510670856
3717,1223889104.1005788,-38310785.88218961
3718,983483134.5170232,-128899020.06549667
3719,940544459.3786871,-175982350.2627422
3720,1168316961.8439035,-234873250.25745213
3721,1188709581.4685166,-226848525.8143599
3722,1125076552.6251364,-304345932.66075784
3723,1170369351.0840633,-341443278.5927212
3724,1266029950.0454628,-353481456.46275026
3725,2685361495.1976104,-129680323.12522662
3726,3091144232.6527376,-192212939.24378026
3727,5144973036.0934,206421121.78917953
3728,5155380665.20199,183480347.1256936
3729,5041244345.479892,275042663.9877515
3730,5017791681.858456,250327225.62388265
3731,4830271068.069309,174986768.09973735
3732,5003656749.403365,245338234.57767412
3733,5047502911.315927,226294881.8345822
3734,5063824317.521002,208534422.8958048
3735,5232370830.903497,210337094.2012152
3736,4715077888.2658415,132590165.05548082
3737,4000081685.2910056,-26720729.69260159
3738,3929077347.3400187,-58521364.65818348
3739,3336691851.1348205,-48098170.76636719
3740,3206772923.513181,-112586226.94502707
3741,1262977814.047253,-257202222.43189445
3742,1049614387.9890624,-280786808.2758841
3743,1035516008.0608962,-458907901.54858226
3744,1012725331.7900618,-404167946.8600353
3745,1009597806.2050698,-360704508.6788198
3746,1005821121.8005596,-356232021.51753515
3747,1065800479.5511955,-405221323.7971759
3748,1378295588.762209,-339575862.4341302
3749,2119513880.4062586,-141771606.32426894
3750,2421257977.6355534,-130974492.71857817
3751,4601010895.33159,301185035.2675051
3752,4556239321.847944,368107206.9376514
3753,4529923347.661858,245759803.59360847
3754,4620471337.652972,134586343.4501726
3755,4512027019.599577,107995850.48997796
3756,4768385355.45291,201718026.55533028
3757,4789864885.553624,202797956.1569775
3758,4755109758.847154,181918104.7413639
3759,4858579067.106139,198870344.22077453
3760,4462494655.217296,125373660.07175542
3761,3752467937.4211717,-14710923.16273035
3762,3729707838.7449765,12820188.844234161
3763,3211184400.539728,-103988983.40695581
3764,3111082405.9570274,-193011701.58976114
3765,1241551706.8705053,-309157420.9634151
3766,1036740869.1794777,-265349161.87874332
3767,1046213245.6520429,-559071099.3000137
3768,1019597382.5852023,-587113622.9000789
3769,1031725089.2588818,-505050612.69905794
3770,1022473433.8142848,-469342007.4943054
3771,1037787185.2626964,-447541178.72895426
3772,1208902568.061464,-336340802.1858815
3773,1846120133.9397008,-45606585.12430474
3774,2204133155.9701724,-92417113.97387919
3775,4463478498.111467,301987434.9647883
3776,4558409276.667491,308593592.399991
3777,4623196609.70849,204933445.10654664
3778,4748864548.742111,190558996.49506256
3779,4648855780.676398,102370686.70100047
3780,4880368239.285898,190039582.72909683
3781,4876557638.354001,188562818.10037076
3782,4864347337.028136,167530197.9300614
3783,4981878121.221757,195351570.57094795
3784,4559178197.732678,116222811.66547701
3785,3821105631.0537634,-26068188.868972387
3786,3772628896.619735,-25608427.664364073
3787,3205745103.360053,-74276188.08888319
3788,3105658573.3079743,-136334493.59761938
3789,1245566158.4333284,-347967959.3587528
3790,1085592969.9476943,-442718050.9021297
3791,1058333395.7937139,-391636544.153417
3792,1040181902.9761698,-384921266.1791459
3793,1051423738.0718336,-386392938.5160488
3794,1044808433.6316785,-371117517.9869897
3795,1092340074.3647413,-351343421.3672695
3796,1285075398.1729388,-312752578.99058956
3797,2062299510.437511,-39057170.36941766
3798,2492847507.48394,-103236779.15764411
3799,4667948764.662207,235338792.11257356
3800,4611987988.207003,272045486.514672
3801,4472333787.092225,224542405.97714323
3802,4487981343.948778,155667340.3928023
3803,4318978495.112959,35060773.38203103
3804,4601926817.304337,110675487.19436833
3805,4670519830.744761,138373189.8909773
3806,4690368907.264672,141687544.3976157
3807,4770990777.396108,206766306.427766
3808,4327922968.744746,73427191.18336026
3809,3590332438.5146503,-49030787.64027202
3810,3536258642.328607,-24465571.885187402
3811,2990906484.093838,-147152703.84086338
3812,2960971765.808884,-217775516.7259503
3813,1223368406.3252046,-345885939.4733272
3814,1066186389.8835348,-380298920.14420724
3815,1077242123.4118273,-360551739.924124
3816,1095306803.9779253,-347960684.65614825
3817,1078276665.363777,-308416856.2382707
3818,1088234241.4846067,-346184202.28011423
3819,1080623583.6189644,-354180555.38304865
3820,1163078527.8290117,-255174762.81600302
3821,2312476075.9080124,-212845450.7708387
3822,2694730979.821549,-164949536.2926636
3823,4733157769.762609,146065096.68991083
3824,4636866112.51185,238175198.65809223
3825,4532615493.989851,222418920.2868716
3826,4574264374.554323,142645258.9955063
3827,4461026403.47472,106894824.25077751
3828,4785882768.918466,168482092.76586834
3829,4946182821.346791,168964405.54855078
3830,5018690381.967556,171814634.02901813
3831,5184133093.760899,192423866.507742
3832,4718731207.891981,28535365.145739004
3833,3955400087.258252,-21662628.9716497
3834,3860955947.166907,-9508783.330208134
3835,3437490540.3953714,-89200240.48214193
3836,3369389755.935312,-128364329.42406137
3837,1398432516.4316518,-383855522.24757755
3838,1129788138.199066,-286600750.59745
3839,1080938321.963782,-384145055.41123915
3840,802332325.7444084,-404637165.17802954
3841,797742171.8825219,-398355459.4789904
3842,825838412.2898116,-398079020.780017
3843,800970392.6498593,-480501401.2897033
3844,963291553.7904959,-676313116.3561751
3845,2339457024.9108434,-209965396.00969267
3846,2210970235.838111,-373078050.3389191
3847,2906065740.6354203,89541021.1875951
3848,2819424565.5593343,-4485601.181758143
3849,2680489289.3851757,-24475028.998573333
3850,2898270562.8021293,120553442.1259727
3851,3033768978.8455305,165877385.49830493
3852,3111022832.367472,157825380.9204456
3853,1933830734.0282872,87576851.48436339
3854,1892659584.446722,10304232.948446428
3855,2072019143.6667254,-187963057.9821952
3856,1945600120.4981234,-177580602.42496446
3857,1317569013.0092478,-67953016.58499798
3858,1234235578.0198905,26516635.172973078
3859,1218823943.121974,33394866.485586353
3860,1054912395.5935093,46735216.12183197
3861,953124327.8397568,-126258303.02004069
3862,928852922.7618684,-429130361.377329
3863,852323178.3129705,-482347720.8107411
3864,821984932.4320993,-506101807.2254171
3865,808160344.9892629,-538131595.3230428
3866,783940781.2356186,-521412146.3269781
3867,845509998.174175,-488098373.2196473
3868,935451356.8049814,-418367438.8738797
3869,1047222306.2751268,-334189672.6257126
3870,1161808151.7850769,-339038989.38191354
3871,1201852850.8974733,-325773569.1824949
3872,1159723779.0838583,-336782376.6339784
3873,974434802.5034447,-198365155.23645824
3874,1012514276.0937324,-132208282.28031188
3875,914485319.4142376,-99056007.57080239
3876,1099903811.4386103,473211018.9629711
3877,1117376973.7084177,289154495.8352109
3878,1092271889.8433626,227174029.6443435
3879,1244731600.9796493,68624068.78869827
3880,1644522228.218691,-33572772.07583845
3881,1621502922.9212751,-149105234.0199278
3882,1262622832.7761576,-1639010.0525930712
3883,1285989035.612753,-86666461.56497301
3884,1106286620.7195282,-165871241.1126616
3885,1007826238.7823409,-85402845.72256061
3886,968714859.2396413,-312758398.7526732
3887,870411055.6750015,-320719833.28310573
3888,1009313821.1881934,-266680432.45537814
3889,1031389790.117669,-315590440.47662914
3890,1093304498.7289846,-404577512.61667216
3891,1187003386.834326,-402656991.1290678
3892,1362709274.961585,-246773936.24825495
3893,2332822126.207457,74386360.72177175
3894,2721064615.2045383,4019617.368365403
3895,4690149240.636519,25425066.047158565
3896,4640730927.167576,209474314.47231418
3897,4493854087.319124,231828748.10587245
3898,4534733168.151897,155942324.15125474
3899,4328782480.327384,51697654.50353387
3900,4565919766.550695,153867578.9684337
3901,4572384731.150543,191842981.50476772
3902,4548194339.125117,217492855.41819254
3903,4646510795.487539,374268516.3085851
3904,4096559180.509181,298608699.3400995
3905,3424774698.2914753,167370518.20789126
3906,3371814655.8434935,-59641668.85928601
3907,2913852571.1368413,-137894189.83603746
3908,2872072593.528687,-167847777.8103211
3909,1296333752.1990397,-436621850.11950684
3910,1070516106.991083,-361491631.50063336
3911,1031935617.7553037,-506486638.99319845
3912,968671628.8472208,-540501693.4316089
3913,885958005.2158604,-441096519.6915729
3914,945113173.7776659,-334537403.4102106
3915,985564519.7520992,-350148915.19960046
3916,1175940448.2406301,-498461187.0798457
3917,1481381798.421695,29083150.251862515
3918,1924925097.456357,-57633123.47016647
3919,3992643773.261743,250360689.25586364
3920,3825101762.4197984,263795973.7610988
3921,3737312785.278287,209068386.06697962
3922,3792220655.6514273,251267844.6706525
3923,3779136784.078723,201486691.0125052
3924,4156418600.280845,282678191.8414997
3925,4211794975.63851,264407776.25014246
3926,4258156847.6433325,341457788.8863598
3927,4514814501.244187,458924594.25300217
3928,3945486005.1297965,301400002.72946995
3929,3153555036.377074,143728098.4781953
3930,3188771726.6026196,38871262.606300555
3931,2802907216.7219462,-135058510.76077923
3932,2725487910.29568,-267735264.3330396
3933,1189680859.4315581,-362656311.3876237
3934,1043776879.1458716,-371817344.3775485
3935,1047110891.3613276,-416579316.97367835
3936,1063028989.6371139,-419836201.3297407
3937,1048938341.9742585,-435869645.87019515
3938,1020426140.8398982,-452923003.71580917
3939,1087359792.571255,-420709165.64228815
3940,1237223747.0959826,-346052530.1629717
3941,1427811258.4807503,15757350.020826029
3942,1790615473.2711942,-106903956.74060376
3943,4014419062.5106025,124728030.21560055
3944,4250893526.650126,149926508.8324123
3945,4387562458.288303,322377698.89511484
3946,4435297598.185687,178403332.17796984
3947,4358579116.169881,88329055.73367509
3948,4638827735.501257,120310103.32385011
3949,4635152449.212302,137690822.7866694
3950,4655073224.919642,157687525.30608916
3951,4647104071.116855,191419593.81318223
3952,4370846530.819065,105508993.40460847
3953,3620684259.7931414,100426886.16506152
3954,3519553775.0740967,63435387.15599449
3955,2990108215.5671296,-99423380.05233276
3956,3073893285.1439695,47169515.867324315
3957,1443864319.932874,-335843939.99798995
3958,1179581818.0021977,-472768392.421054
3959,979518591.2121166,-725594861.6805192
3960,1007315030.605303,-314585076.5766787
3961,1042150291.6977239,-337768826.30715704
3962,1074225485.540727,-516386054.29748625
3963,1067039047.8673737,-562448016.2490513
3964,1272274457.2172956,-363321946.67594117
3965,2340807008.140821,-248768659.70242584
3966,2739584005.690913,-187803741.99515527
3967,4835789620.968422,154560494.3915182
3968,4780898269.525719,216654082.20788655
3969,4697711747.5772705,258537454.98339123
3970,4696560342.979143,196514431.78228715
3971,4563844092.647952,125959637.36655287
3972,4819029584.44025,206861241.29675555
3973,4791809198.812733,227431917.8516752
3974,4772709800.561382,216492947.5451955
3975,5067001575.630608,251548284.45605838
3976,4669124508.322733,117042670.64901114
3977,3956840880.672308,59036374.49101591
3978,3833746984.204053,39978108.60758465
3979,3339137531.5060253,-79308099.88045865
3980,3162746151.6989517,-197795546.02252105
3981,1334503904.173429,-437957485.5177044
3982,1104442299.7095551,-399813309.88094455
3983,1056959688.5678959,-565608874.5307335
3984,998593386.8011137,-501768266.8838796
3985,1014586171.7304721,-459110138.28098905
3986,1009938377.3453583,-482091651.27906054
3987,1071323074.3162661,-423597950.0465597
3988,1244935275.8772726,-496715985.92501134
3989,1867540793.3840702,15378701.750258582
3990,2217584837.345056,30316939.813596215
3991,4475650841.043987,388779001.85877454
3992,4463113675.775431,392906668.11660296
3993,4315864940.325517,501801691.40429
3994,4299209992.312254,447920879.0933418
3995,4032733811.5661902,335029861.6649689
3996,4300415171.300953,428706207.10391253
3997,4263760719.0608196,441514775.97976464
3998,4186840143.747112,443041008.5862017
3999,4329735921.360219,524207775.42634064
4000,3717071208.4271917,251280211.66508028
4001,3024008048.2902236,161796641.07227594
4002,2934111633.451537,-8106220.668048601
4003,2587272789.195258,-70858532.80526
4004,2467734603.4869227,3286327.345825563
4005,1238835924.4133234,-449802156.2984521
4006,966784956.1113397,-352806364.0610469
4007,946651718.84125,-392948900.5032799
4008,797978708.9077171,-358046332.34711283
4009,820273290.0655307,-327691180.78905743
4010,797623376.1700168,-394432212.36435014
4011,889790397.07727,-401448663.0264501
4012,904423533.4450121,-409392638.2706317
4013,1855582493.6140223,53640727.56921235
4014,1868574808.1361122,-150512888.97391054
4015,2639246616.3494835,139596431.13393438
4016,2551975788.8504596,206756849.31438008
4017,2512012542.1237826,9512745.305070093
4018,2695597257.1363335,2456647.5137752783
4019,2860502840.0905166,-10755667.356630044
4020,2971538126.0229774,-66271105.342823274
4021,1978180547.5858786,-320022916.7735887
4022,2090772698.7787116,-254885229.65234149
4023,2239395976.18763,-255614154.85331857
4024,2114996655.864919,-481061553.3902546
4025,1365163039.064706,-280154636.61954767
4026,1276682902.844374,-278254484.2992361
4027,1226666393.2136436,-340637241.5441358
4028,979527026.4106377,-333849216.54381907
4029,991825545.854369,-283295853.2041975
4030,903356832.2987008,-436680047.74034333
4031,808236964.7091628,-493268504.3607095
4032,841964051.5958769,-507916118.0549948
4033,833213587.5300739,-499914672.6602372
4034,837251938.8220398,-506346964.70319086
4035,906891180.4790324,-482330261.5244902
4036,1033702088.9122595,-454150973.51545924
4037,1162797003.0783708,-421212575.06252384
4038,1279619582.0628266,-334626154.7819863
4039,1277685988.5351722,-339044809.1439972
4040,1121478588.9892917,-510704511.56332344
4041,913757432.0751896,-466635818.12540835
4042,1251733342.9520512,-154955549.85451648
4043,1272859473.381393,-91823498.24134694
4044,1362802413.611922,-112987063.05853842
4045,1496671650.1409633,-217907188.8430929
4046,1482167502.0172727,-89766939.8150373
4047,1428659523.1320264,-120279952.41961172
4048,1675613139.834266,-190443004.10009035
4049,1708908625.729985,-179194858.93291673
4050,1470490024.0646558,-99499764.42968066
4051,1457627752.1864324,-87717656.09133221
4052,1193153525.2227044,-125687966.33584304
4053,1129265507.3573642,-164893521.0826085
4054,924541657.651085,-322051103.85974056
4055,837221009.760796,-257533221.400402
4056,1023292702.4706445,-248786846.45893723
4057,1022460605.2832006,-250722644.82201114
4058,1019218501.5849639,-248191775.78588408
4059,1031028130.9810778,-229069492.51953265
4060,1205328855.6213675,-262859031.17720178
4061,2341022632.903016,-25920512.40609978
4062,2718735270.2796035,-20783844.897018623
4063,4815967255.910495,238295594.98619774
4064,4818047586.745755,214086475.92360643
4065,4764026115.150538,198421131.33494282
4066,4711311044.926273,168384611.7509672
4067,4471955257.558592,152938599.44583115
4068,4660340303.462846,209465948.56431893
4069,4616228432.79687,254347226.28316358
4070,4535555600.007703,275251811.6876326
4071,4651195845.3327875,379988978.7016824
4072,4052709152.4639635,327562015.7062559
4073,3331354523.203934,190449512.2208639
4074,3150265924.0204124,128126407.53732164
4075,2692025302.029262,4565583.7988377735
4076,2604211722.2253976,-8904983.014029497
4077,1297886883.126733,-430838461.54888016
4078,1087261733.3884475,-336844939.0763777
4079,1010307768.7472605,-545377199.1171863
4080,1037799662.3271755,-543222432.2057151
4081,1061749475.461448,-564819569.2981385
4082,1041295700.6475571,-569562675.3963128
4083,1026400018.7258465,-564384542.0823857
4084,1270682137.7631397,-536176882.7331969
4085,2107082330.8525178,56246162.30703619
4086,2500490060.94399,87220027.32160962
4087,4662784402.234328,340198174.1303799
4088,4583792282.750485,502389487.37473863
4089,4385011162.202283,509580530.8993481
4090,4396471433.792982,397571934.89690846
4091,4229426122.1472855,350568262.6931829
4092,4425934176.360686,368796121.27430344
4093,4422640582.804811,371683450.73805404
4094,4444349269.132014,294950615.1353956
4095,4759851394.815815,309913950.92271894
4096,4310484953.135444,142567783.4127677
4097,3655940446.078429,8527023.102151956
4098,3567531921.1788745,-43251763.89120805
4099,3057687950.7852106,-178238235.54041684
4100,2893978628.3546233,-320772211.1418586
4101,1244449900.4957056,-447098149.34033644
4102,1101086320.8312838,-326162765.77183896
4103,1023216609.9506522,-286964485.72767806
4104,1002280271.4880348,-300847528.178224
4105,1014638891.7212288,-442470711.0135746
4106,989066884.4713715,-474915884.6299207
4107,1008929316.7222743,-453633742.16027486
4108,1248488954.7208817,-437696323.69420063
4109,1595046098.4932172,-82895255.73476812
4110,1936924518.819195,-51851917.31032113
4111,4242449541.463922,200113954.6310244
4112,4495988807.611516,334968390.4279604
4113,4439042035.529184,224224137.73819366
4114,4426332651.624156,114190259.75776242
4115,4270145022.074809,114688213.15104467
4116,4522461008.703545,97224198.34340315
4117,4521555982.195554,138013455.8471817
4118,4473066243.497139,186136341.04661915
4119,4620407370.730854,243188923.6931563
4120,4154650108.1909103,198876891.45311862
4121,3443025172.891665,68142483.47627626
4122,3355886716.502766,3826837.7493445124
4123,2831845395.3816214,-205860281.32993838
4124,2705649729.2405252,-224340935.8265674
4125,1282438871.4351945,-470191692.7585182
4126,1128764667.4451752,-304650742.699889
4127,1048154044.2451009,-334156208.99373156
4128,1023281104.072678,-419140739.76074463
4129,1009588668.0733385,-425005605.0005424
4130,1024272767.0988122,-367691860.5305015
4131,1059015592.4741061,-386336923.3059936
4132,1196828811.511659,-333740823.4750111
4133,1988765667.330016,39443417.966149345
4134,2371143936.021923,-161459133.98299482
4135,4573604935.336608,293985262.09977025
4136,4578114954.812544,312309510.4904012
4137,4582784276.527217,263514806.5054325
4138,4641543517.958439,198489149.80429548
4139,4555778988.461987,104401419.93306392
4140,4824774657.566315,184075054.06361654
4141,4863552671.034129,191147519.9357716
4142,4865735981.584668,163975778.23747244
4143,4989164726.877548,173208103.31292197
4144,4578334885.04065,106210638.47081846
4145,3875610325.2975917,-54194371.54899006
4146,3859214935.372154,-68858717.05926594
4147,3379217904.478834,-154508883.11459637
4148,3336390732.1209483,-163808862.9242683
4149,1307455737.182383,-282073703.1666311
4150,1078053484.0695734,-228157244.8129206
4151,1074587144.677318,-304836975.08656573
4152,1102527158.1786654,-269429542.56964207
4153,1120825564.0371182,-273842377.1695693
4154,1121367525.5420976,-289210186.4217063
4155,1103745341.431751,-311387117.3117133
4156,1185033592.246352,-217788611.1906385
4157,2527303272.509564,-272255037.0612539
4158,2808195119.661498,-183725543.71503788
4159,4825099412.709376,143291252.58679137
4160,4808943547.275277,223693811.9183211
4161,4816168646.275186,241199656.26593885
4162,4922742459.056532,233608504.09807852
4163,4828586488.63133,131220702.29017204
4164,5092625599.938012,247710515.09702176
4165,5145025053.150947,250532372.2373313
4166,5204424491.003259,222859039.7944476
4167,5418042027.416897,210636811.94852316
4168,4894196692.861389,173775166.38094756
4169,4235277162.4547706,-21413106.67231323
4170,4151092914.681251,-64886729.43717514
4171,3708002930.683777,-60737966.54179349
4172,3668064110.8861504,-37989244.027067974
4173,1456351928.4101195,-290992488.559824
4174,1213520839.251754,-117521385.19196185
4175,1083251675.1581876,-233240806.99298847
4176,911036026.152327,-245145857.805354
4177,932474258.9269485,-197986143.23076057
4178,907458271.8462723,-219934648.4589843
4179,886795725.8689848,-252752286.84868392
4180,1061773023.7239859,-170436116.9970242
4181,2981529970.137799,-32286604.6553519
4182,3086225852.915065,-172616345.3676114
4183,3965284558.3252325,201592901.6705318
4184,3871056548.229327,161717710.54901645
4185,3744823406.961468,137584248.39351258
4186,3705826583.5653505,173287033.83618146
4187,3743820453.0706472,154208398.78545743
4188,3708788766.079332,132411207.3714086
4189,2674031881.317337,-14499956.787198054
4190,2704794171.6571946,-45271221.33423443
4191,2860782431.7748294,30845083.22268741
4192,2675767599.146351,-269081811.78514403
4193,1586681544.7597535,-174950797.43341532
4194,1445396538.5975673,-196430084.3436448
4195,1485465313.172409,-183917595.86379832
4196,1220187809.2828507,-272452181.50183755
4197,1011787794.6211045,-454399768.34453523
4198,871132968.0817637,-573549212.4236127
4199,789129131.2592914,-298440329.08637446
4200,806847617.2194203,-315464588.1215702
4201,817450310.2938099,-311639549.4920916
4202,821380409.871422,-335977794.5259139
4203,825883400.0152574,-345389077.2854356
4204,893777961.4448069,-217627112.79281723
4205,1157843257.0135653,-206803810.25775006
4206,1362610688.57887,-122647140.64713617
4207,1269240070.2826405,-138587468.9942522
4208,1490100454.7597413,-283145994.3305435
4209,1428845273.2327926,-257723091.13838106
4210,1508452635.0087662,-236986551.3640774
4211,1626813407.5902011,-131205828.26140325
4212,1781741644.4270205,-54075066.426275246
4213,1756254867.8288867,-98829764.31980051
4214,1769147014.3685389,-130810811.90997553
4215,1548459024.2612126,4378260.206770305
4216,1755604830.3428562,-111388810.89631617
4217,1783672953.4217422,-158669285.53414533
4218,1648058157.9987454,-86965451.84202051
4219,1681523226.5313985,-79377937.02546245
4220,1512839816.906239,51671465.57415745
4221,1170413108.6763914,-29677896.301356003
4222,916193798.5813609,-65686219.25341649
4223,865207592.5873116,-112744815.4618065
4224,1086274815.1614814,-215812074.49297905
4225,1114516035.5433521,-245764207.52674177
4226,1127784427.083705,-251901146.6439502
4227,1162950418.251473,-235717843.22984177
4228,1255115681.825701,-201860649.83795023
4229,2737316167.421861,-183667346.0942014
4230,3072313882.087549,-180669441.15086144
4231,5218053838.746992,99643036.95941998
4232,5218606695.716728,143672447.00327042
4233,5028468534.38651,181422333.75886303
4234,4980500723.596586,165182287.66443905
4235,4887762745.189438,82762089.56553409
4236,4982399697.663644,136568336.1747855
4237,5046969736.476073,148357719.2157385
4238,5084628680.273425,155911042.93005514
4239,5291479430.140134,184239462.34247962
4240,4731251678.4967985,82579494.5301596
4241,4014263362.804568,-24118568.570949797
4242,3998355984.2602353,-88796494.48758873
4243,3504967998.831384,-187052265.21610403
4244,3377636568.356086,-172227876.2485278
4245,1342602924.8867812,-275621041.9563847
4246,1156141807.178543,-244761753.50783312
4247,1126562377.6979637,-294709861.59075516
4248,1128337284.0534406,-321197053.773965
4249,1133016886.166311,-315854512.18117476
4250,1151069792.60114,-321814676.0250923
4251,1194037112.2677872,-319000821.05764776
4252,1314669589.2509298,-269408445.93208885
4253,2766832157.1802297,-129299128.70874757
4254,3166069488.1162796,-115476466.28981951
4255,5300042562.505447,103251289.45128268
4256,5382953183.168936,122439045.04107516
4257,5174873706.05099,185660575.4962808
4258,5141465750.841657,169923938.8220925
4259,5030016920.515036,51558343.94865651
4260,5225447290.250717,119827426.80603743
4261,5364732802.896803,140067104.39244956
4262,5444825891.520948,139030459.27129948
4263,5652527542.03847,197388851.03535548
4264,5088513616.392289,130615810.76860273
4265,4309254776.08446,-47933762.48750409
4266,4257556454.8152647,-70646111.48920679
4267,3682807212.367946,-195811007.15199655
4268,3526550256.030754,-177104836.8746261
4269,1406959623.4699488,-322467216.8487215
4270,1180304257.6088676,-307442773.5595198
4271,1139785957.2461734,-323609345.1576377
4272,1167019874.3379853,-323421657.83044004
4273,1165686234.3051424,-295002304.6354585
4274,1149845985.8823736,-282403247.19461775
4275,1121830934.2608492,-273712159.9929477
4276,1237931073.6386354,-238225433.21763426
4277,2906696183.8582196,-61877912.43992834
4278,3390944675.6228085,-75891899.53735638
4279,5507308745.899319,100179546.27650642
4280,5393689082.0866375,135307630.2134149
4281,5148578029.061346,157017888.93133923
4282,5133143724.567404,178486263.78766185
4283,4980544481.188914,67652168.5207288
4284,5163089382.25044,206519330.27434114
4285,5187253062.813882,197364117.04649997
4286,5149703776.597304,183335580.54386282
4287,5475765145.296447,167581484.58342355
4288,5073413556.639745,119000656.85502897
4289,4401298783.679948,-35522392.37386103
4290,4349504599.894226,-47772991.55994327
4291,3829787559.1315827,-188725446.81515327
4292,3727813741.277064,-299463152.27257586
4293,1496145680.3665137,-236197973.60174286
4294,1235182253.320579,-182664892.07529277
4295,1102703067.2144904,-207678229.5108184
4296,1105065801.4669046,-245968626.66992995
4297,1104011577.3850725,-280297948.2608576
4298,1100505522.266447,-293636115.4863218
4299,1096709682.931962,-338864396.51940405
4300,1256928019.374615,-349257036.6602812
4301,2862795544.6218753,-126830094.64475927
4302,3240106279.935594,-96690274.28379886
4303,5344463372.317258,87659783.09405538
4304,5407151658.926277,143099927.9082914
4305,5097436474.827867,137702826.04596692
4306,5145481256.804295,161421266.41788054
4307,5044886593.907972,45508701.26270283
4308,5237689926.504246,128879339.2568938
4309,5356617438.986316,149381633.6073306
4310,5351336301.778912,137889785.90290418
4311,5541452320.713012,174689596.498341
4312,4983072931.945607,102022228.44624195
4313,4224309647.0443444,-78737035.72600055
4314,4184369157.780344,-105283880.47056782
4315,3679371362.703678,-198207294.18993926
4316,3632233144.9016376,-221436147.07656586
4317,1448998192.6327648,-300485975.4587773
4318,1200390222.620579,-191363981.44982788
4319,1070889188.7923381,-209044418.6599551
4320,1060723720.1746243,-224062314.7168127
4321,1032800049.8704116,-223523259.25381467
4322,1057759099.3610706,-257738368.01385066
4323,1040759011.1416535,-225042217.1576472
4324,1222680937.645737,-287831630.27814186
4325,2835394680.8926673,-157922173.57665682
4326,3226477371.5251164,-101358450.94514623
4327,5401443489.793743,77380628.31380942
4328,5218929342.060159,91696879.30445702
4329,5160146903.833004,158526662.25152537
4330,5245421488.882024,167330507.34356618
4331,5118139439.464734,49778951.69158067
4332,5311874685.764284,156076542.4143089
4333,5462288861.25921,160211483.3747419
4334,5389924347.546699,174324406.42759198
4335,5257185427.619482,189478339.4231549
4336,4851337097.709188,176954575.15427133
4337,4027127699.5490956,-453233.52804948157
4338,3983632081.6417403,-92864508.18405975
4339,3621747973.47331,-118261222.4468458
4340,3621998085.896125,-148320293.60889557
4341,1451039862.1414707,-234102131.78136858
4342,1225532210.4791636,-198031246.38690886
4343,1093204506.4798493,-288401966.9623395
4344,932619414.634832,-378475152.2012436
4345,918149183.0385282,-374701036.48999685
4346,895811898.6882018,-320699464.11581296
4347,890397731.3707876,-244381286.56161454
4348,979441444.2923093,-230814693.67436707
4349,2898125670.6941996,-81721118.73439184
4350,2978060116.079493,-192056533.13778216
4351,3903819024.0351644,220254696.26201445
4352,3836237806.0673437,106275747.0591293
4353,3645141502.8384476,58585706.6646633
4354,3673955130.5199594,94155365.04966871
4355,3762586309.5138097,114516530.16957702
4356,3779145746.477152,87015608.17842144
4357,2872169598.3116794,-111344435.21042834
4358,2900588660.795703,-99771838.30709128
4359,3035106836.477634,21720423.74578542
4360,2927114372.6783495,-252244512.6068855
4361,2226695027.4811225,-164291903.17721123
4362,2043231216.9807074,-92692825.20259209
4363,2012578584.2216234,-99493217.19733655
4364,1636460638.698776,12457544.91939675
4365,1413312733.8227406,-55289941.761237085
4366,1235444798.8745477,-176621069.15142274
4367,1091552261.9695332,-303459873.8835222
4368,989441899.3389544,-332269878.6083687
4369,896145089.0297844,-194092722.39679906
4370,873403969.5502614,-118544935.84842372
4371,1062436768.4076133,-103955519.77497482
4372,1091340327.6066911,-188713079.82072553
4373,1732411900.542548,-137708684.91962114
4374,1920214742.0155451,-162482684.6394567
4375,1966317670.9991004,-131912201.8843062
4376,1883349409.8123848,-164953901.11422634
4377,2190873902.561551,-306223533.4029952
4378,2277253674.350135,-239886975.2925162
4379,2380518077.578378,-224779600.39362252
4380,2422369666.5073104,-195391256.81171334
4381,2380121798.98119,-207836090.55733737
4382,2410878993.055275,-154198980.78364205
4383,2312675181.7397704,58301993.26308539
4384,2364017423.4047303,-22457753.966328315
4385,2401623822.9446273,-5137414.535126889
4386,2246985370.3236675,-54477357.48030752
4387,2046525864.9363983,-88656092.72732069
4388,1531145076.3634903,-114730809.27285191
4389,1073187604.6560293,-234535704.05660048
4390,983267861.2214332,-291469709.05068326
4391,935542913.8555956,-314708019.0506958
4392,1098927612.943098,-278122812.18209356
4393,1074599446.0084946,-272001149.9403547
4394,1053815116.8525592,-259072548.4715273
4395,1052854558.6209714,-281989316.6164182
4396,1182749410.780165,-251322080.31662706
4397,3046943528.802336,-65922647.08806475
4398,3522460711.4310975,50492600.01708819
4399,5652609433.757446,195925180.87131763
4400,5633634454.684281,235740355.69634536
4401,5311914928.690562,244216475.43605068
4402,5328362511.406848,218704093.4018521
4403,5177357696.2821455,104789525.3170173
4404,5284704911.327893,151921232.28658316
4405,5399078646.741698,186849261.9018662
4406,5458021002.274149,179104613.50904962
4407,5610140669.470055,214935433.7175588
4408,4960672910.80628,142926789.98630282
4409,4286984358.255744,-22709458.67644616
4410,4178185498.264509,-59639486.44850464
4411,3696283760.0051365,-167614987.3269751
4412,3632228707.635749,-180869495.47248688
4413,1404608136.148896,-203242115.86255655
4414,1247775126.0460355,-199078076.09170532
4415,1133511048.213004,-275210748.7294874
4416,918396615.5284798,-377255912.04471904
4417,908153121.3244461,-398410019.74852455
4418,898661941.388511,-413617785.54336125
4419,873877922.2671645,-359806810.37741685
4420,992326210.0332555,-269098543.60113454
4421,1482848292.8312447,-302596366.6843607
4422,1893576560.8192842,-473941801.95116985
4423,1939406224.517417,-419654333.7646267
4424,1853374053.2012227,-257948606.9191225
4425,2005459100.9365313,-144019489.42907858
4426,1982081651.1685746,-156931359.0819155
4427,2054754752.5603147,-217043681.6439314
4428,2183991483.5015616,-224671934.795075
4429,2220715526.1294937,-165655182.44530612
4430,2255065939.040255,-78264180.05670401
4431,2200807227.4866323,51579804.321339965
4432,2313973147.9122014,-71363397.1660166
4433,2327636587.9166245,-83670739.03241442
4434,2084630116.9223416,-93833498.5709874
4435,1991955402.504101,-110409635.92574215
4436,1693469049.2369673,-23555506.589356706
4437,1413954687.576855,-98328537.3103462
4438,1151357995.2172768,-79722757.92891867
4439,973151070.7285181,-259362081.63518888
4440,1249607672.9247396,-257342624.19216248
4441,1214728478.5066884,-243393381.94791505
4442,1164672604.6161928,-202738706.44232085
4443,1103452569.7497487,-323261614.3731397
4444,1324088191.3329232,-182197856.16807988
4445,3107266401.226078,-96503314.42686161
4446,3608647802.6367965,-12625993.396262908
4447,5689128571.354637,124883345.11620794
4448,5556296337.04378,175182457.59980005
4449,5417041050.525728,233343341.18814224
4450,5433221870.088786,238771724.27166632
4451,5296150597.054482,92479637.30470787
4452,5531126759.0567,204338374.43349347
4453,5605743470.774338,237219302.7358528
4454,5637948355.794602,206954357.49009395
4455,5825199570.430982,250830998.77924857
4456,5207090716.669129,162450273.10129583
4457,4464977327.448682,-14972812.456494577
4458,4408391731.23636,-47723523.58223225
4459,3983664768.0360093,-169131762.82002625
4460,3921343588.2959595,-237790406.00188145
4461,1709144284.0886676,-143078870.38230872
4462,1524117501.5956175,-178879136.83987874
4463,1390484274.8918638,-267064536.75289902
4464,1307613721.421351,-254258877.7580887
4465,1220101348.4980097,-232627549.56342387
4466,1130950438.2619493,-195350518.4771278
4467,1102248620.8941672,-252152851.354068
4468,1220316094.5936923,-272586036.0297615
4469,3058944004.5649896,-101655258.81141235
4470,3586890262.451492,54099397.56842998
4471,5691171295.263158,184743235.49784553
4472,5596568786.516246,204444585.09152007
4473,5288528340.790874,245577936.02849442
4474,5308475476.493592,224424555.79494932
4475,5144599075.625632,90917394.92037821
4476,5279633423.9503975,180627208.76418442
4477,5139506675.985137,218972529.92796043
4478,5014280179.007452,170947853.2136846
4479,5045951889.187863,176774162.5296782
4480,4552845472.442979,126408850.25238457
4481,3801448850.7001376,-22244605.18001465
4482,3803840229.480863,-25958340.859643504
4483,3295942812.9459143,-78291096.4563409
4484,3209284503.8728323,-104086464.42185694
4485,1381538219.6603534,-378213990.37773985
4486,1206729977.242379,-444982665.82292986
4487,1020604510.1419585,-336562680.6153207
4488,1018670389.4143964,-333172669.2015948
4489,1018573560.3647065,-338318066.3538014
4490,1068487090.2801588,-441686498.07280284
4491,1115033570.1192808,-479554962.4808498
4492,1236176552.3462512,-412478567.1154868
4493,2566149470.498757,-209218284.05220416
4494,2851662049.107217,-249517954.0706957
4495,4867957250.528552,129386022.29330154
4496,4787599683.28411,167713520.43569636
4497,4691942071.788854,245301133.59439084
4498,4708921423.478573,183787703.31073633
4499,4552229878.684243,101673042.72122298
4500,4751917036.206926,186522264.01979116
4501,4739411151.466218,163273769.43613222
4502,4739262832.558889,155333431.54325292
4503,4851222871.062549,195711668.34987375
4504,4411475718.895652,97159817.22535278
4505,3638385304.222995,-73320292.16664375
4506,3570924276.850768,-118271407.03049219
4507,3068675763.392078,-175628799.71616048
4508,3018265962.6303024,-205482724.2647616
4509,1253834058.8504047,-322995360.25781274
4510,1056108787.9170822,-410370358.3006848
4511,1077688837.4668393,-453105598.7511837
4512,857529453.1335007,-310284999.8671222
4513,834917849.0979366,-293506625.7799606
4514,832440009.5323701,-307623913.6543734
4515,878031906.0721902,-272203386.67276156
4516,886741248.545203,-308840243.9298562
4517,2123360506.6651726,-68248369.5107432
4518,2173856943.9450917,-246232698.37447554
4519,3057103022.4877644,-32687440.76886326
4520,3149239905.133635,5966327.785346167
4521,3064873509.792051,-125354057.48629366
4522,3095754420.1111116,-133146718.91630036
4523,3182639425.1444473,-149126330.657481
4524,3260796635.7080054,-137852724.03119144
4525,2424961644.8528657,-111012708.77166033
4526,2446999831.1222987,-136549097.32445395
4527,2550195346.8959537,-204810541.7441001
4528,2384260581.855548,-292437244.49709
4529,1603429104.223446,-51865011.77500934
4530,1400137656.6660273,-15973084.06462184
4531,1376423150.4238324,-148237361.99920356
4532,1141425900.4253128,-229183705.3504243
4533,1069524268.2316463,-219880815.65971053
4534,917286859.7230506,-337789195.4744498
4535,818913114.3040068,-299612283.6759694
4536,832757383.8767257,-293057049.15899867
4537,843134083.9240714,-312169875.31196415
4538,817406728.4347844,-365955389.01879257
4539,791856160.6478349,-348284408.92205125
4540,866261289.4692363,-258823753.6424513
4541,1235992911.0451152,-137162354.75401852
4542,1495263147.721246,-228675931.10862586
4543,1638499496.4746416,-235922989.84329042
4544,1343018182.680642,-244481677.4575575
4545,1546399781.4222546,-121244577.98497663
4546,1659950909.2469523,-129644677.08246426
4547,1775282215.4262028,-150475787.99062726
4548,1906425125.4999108,-115069082.94396403
4549,1863459035.966381,-134908651.88712525
4550,1688625312.2195408,-165499503.8095685
4551,1635542959.393004,-97537049.66696987
4552,1937619719.7639737,-115005065.56104389
4553,1961144961.239352,-109924413.26201786
4554,1728173389.0190089,-137374048.5998113
4555,1717149287.4851704,-125069616.61445528
4556,1591604888.9632225,-9883430.514343072
4557,1204253016.343325,-29211587.864403583
4558,1057936765.7299207,-57430159.26749919
4559,896230495.4148103,-141228913.50996864
4560,1166671746.6656883,-148948827.91392973
4561,1178240621.4373465,-166971903.61673182
4562,1203537606.068756,-162724932.2361886
4563,1124056948.0039012,-307380938.58738106
4564,1300419200.0160816,-239730569.18651813
4565,3044883758.7634706,-90784670.70941551
4566,3583657165.0850096,-659107.6117585833
4567,5671925335.437504,144534862.99704123
4568,5555045818.86303,186011579.8969509
4569,5497362592.443153,259070326.9491754
4570,5565185103.218669,266030034.93095976
4571,5401785291.067149,116033305.66262817
4572,5622511591.034426,254616390.27953237
4573,5585519379.386845,262114426.2540543
4574,5557875125.033642,281053387.01477075
4575,5783886428.340979,353459956.97849625
4576,5167829788.085983,238449454.94628423
4577,4222816265.4395084,174393516.10233533
4578,4177172351.8421416,166264763.41199785
4579,3644657050.056719,25531276.705185167
4580,3655288739.1260247,-55094252.261174366
4581,1603117001.878166,-12689283.308922596
4582,1324380787.2816231,-94146310.78298356
4583,1192604007.1857166,-175081742.08029744
4584,1128307057.9254067,-171936888.1443453
4585,1075186219.5056171,-176308984.409687
4586,1054389589.0185051,-191027890.1894971
4587,1061954029.0255841,-182012351.25166357
4588,1291646066.3542533,-162460133.06138253
4589,2754520809.2054143,-106111014.15670651
4590,3155579352.2221556,-143947469.8732934
4591,5294114726.7447605,112949922.9636846
4592,5255117749.582003,150028354.66887614
4593,5038971410.945066,211218060.68662766
4594,5009665422.483212,214035553.0053745
4595,4868224892.348293,142954070.12106994
4596,5007750632.418928,205650003.313096
4597,5003614573.410759,209085845.35323057
4598,4984528179.423796,195425045.067254
4599,5112058539.99755,173372875.3269153
4600,4671036310.920875,112559271.43381964
4601,3929225139.04744,-59933384.43372894
4602,3846246608.4458585,-36078179.65284956
4603,3264910859.853336,-79944636.35835782
4604,3171684913.998408,-127444079.54458429
4605,1329807431.6635165,-310148962.92841685
4606,1113225625.9029298,-321915794.39129573
4607,1034947686.5605385,-343674429.88154036
4608,1011063421.948107,-337383267.0691152
4609,1000527507.5286759,-323859594.92723465
4610,1002445812.2590109,-325945979.63422304
4611,1047475362.2307591,-319668638.7567466
4612,1226816469.4539979,-283876374.47204155
4613,2231241599.4839835,-40910764.59306003
4614,2617829559.437816,-99445204.16014645
4615,4761258930.702369,252246655.9060963
4616,4768336413.728158,181020042.70483077
4617,4578511057.67643,139883781.8868146
4618,4609521659.172751,137507136.54590422
4619,4562164609.475745,38809427.63416178
4620,4818186767.521353,135324362.02940542
4621,4867085261.881435,176527186.37625334
4622,4904374814.276885,170755801.06492415
4623,5106902876.368146,206298543.05029267
4624,4610173541.8584585,126944268.36408034
4625,3894367735.558902,53657095.65007261
4626,3911420016.5691676,11918489.456398714
4627,3498419297.312885,-102293250.22983243
4628,3499127326.788748,-169891241.77194253
4629,1490065132.3659344,-163592804.25691283
4630,1217412980.4360213,-122823188.45016657
4631,1130493531.675391,-153739219.57903373
4632,1098976115.3345942,-159549524.54929733
4633,1069018859.2535917,-181527128.58793926
4634,1078195652.311314,-221086961.35154688
4635,1107322217.071293,-233859884.18463668
4636,1290050056.5007443,-183619333.05701128
4637,2798831258.5032406,-82188154.6416047
4638,3205010230.62223,-137751605.66498804
4639,5354514614.288332,101374416.17930572
4640,5221744941.033174,144324260.35663918
4641,5127000088.311219,182449521.76662716
4642,5238463153.035345,206912527.9501177
4643,5120525194.779779,123029750.89256558
4644,5415427467.341968,228586776.8901494
4645,5545890465.268216,248822817.12525925
4646,5589264958.996808,246251209.75454664
4647,5807660332.439426,258553095.59399104
4648,5230026372.914544,167405436.78039315
4649,4313981957.988989,10435541.33045877
4650,4220798495.6599455,-24887504.63625199
4651,3729500649.1813025,-186751092.52827516
4652,3657495817.6057296,-207698598.67811117
4653,1406969288.8015876,-286658220.748026
4654,1169402114.9869797,-230162880.3209983
4655,1125864540.753647,-258511668.9007156
4656,1082069692.9654217,-240712654.03813398
4657,1041971219.4624535,-227775322.9261811
4658,1041127699.6103456,-225835159.74154443
4659,1049667810.9130293,-223873172.4490941
4660,1264399672.197962,-205231747.02490422
4661,2733353557.1832824,-140886275.01729375
4662,3128825143.112904,-191575675.29562062
4663,5292236137.740795,91202926.99760726
4664,5302600536.4569645,128200609.50388817
4665,5075606181.055317,169367424.07284352
4666,5078352189.640533,164489008.5062243
4667,4939684203.819511,99887830.70206349
4668,5149027554.849198,139161403.9181816
4669,5261895783.060294,141306349.98113668
4670,5301241063.628651,125434040.10337329
4671,5481332200.587055,185228094.42643958
4672,4814737825.7260475,111730682.80716003
4673,4030494442.0921464,2276598.6243123715
4674,3947864467.512787,-77862616.4729322
4675,3533146757.0075397,-213334310.78586528
4676,3603672968.5756884,-251872775.3037924
4677,1467382532.0761514,-298003846.93010074
4678,1245341219.8060997,-178222231.1946868
4679,1122807132.7563615,-176989169.10321355
4680,953943772.2294191,-167990361.98137048
4681,935584738.381596,-210516818.46711844
4682,927964766.6509198,-282664409.01812154
4683,948650333.6908377,-209408153.79018322
4684,1063415075.7027557,-197683515.6024108
4685,2996456932.5873585,-73811334.59245168
4686,3171996708.810408,-126977043.6373714
4687,4000335795.6464534,169857739.02839097
4688,3836463447.6277823,92406526.54353203
4689,3635226410.2435026,75584140.50561287
4690,3599448867.182956,93534832.91749959
4691,3635280623.9673305,108549819.09331535
4692,3683437699.5240707,100615300.96251968
4693,2851870029.4707522,-74466057.82686225
4694,2826948850.506787,-164691284.35020167
4695,2973064721.2219896,-98079742.48127018
4696,2787858734.693692,-18247883.569068346
4697,2077821154.3828068,74505665.84448656
4698,1940868149.8611014,113652659.23528528
4699,1841476205.6872425,2756365.2610832285
4700,1518580320.9664376,21702236.989274014
4701,1283080122.2560987,61789849.42684259
4702,1128898224.7550921,-95933705.21292442
4703,895146572.4048518,-116308692.26778139
4704,896468789.7730308,-121726890.76765908
4705,892004636.6890529,-123403709.7180106
4706,909385011.7751285,-176517768.37443796
4707,959294499.8246228,-290997580.8516472
4708,1054379572.2202613,-203291583.84026757
4709,1600416683.951606,-258379269.31331256
4710,1845426163.1280396,-264746816.50308558
4711,1777445668.1135566,-258812114.118284
4712,1819110452.5419075,-243973175.74549863
4713,1872805411.6610377,-63903189.645038374
4714,1982076730.6361039,-58085609.97217022
4715,2040689761.9596276,-198822734.03028518
4716,2130666267.2509384,-153789415.0270052
4717,2168090782.822725,-115314967.89199823
4718,2233574283.3416667,-152144604.76811376
4719,1923523097.1688328,-142646753.04759774
4720,2031753723.526361,-130549650.08647177
4721,2110346401.2135699,-187685891.81296137
4722,1889055821.6118941,-75702029.79937732
4723,1919544495.1997244,-68028673.49208543
4724,1494538423.5816433,-30697809.60651558
4725,1303782735.4263613,-23306711.76028069
4726,964610783.692532,-66735958.839254774
4727,919615150.2481706,-148542172.0383347
4728,1080130827.4386914,-213009131.57944134
4729,995201031.1292204,-203941942.25311542
4730,951739022.2159724,-224538080.26715106
4731,1003710213.37066,-167120307.5498649
4732,1244881150.0200958,-228674476.16810495
4733,3108954319.596806,-83651824.80564256
4734,3648795701.131099,-11430032.288072933
4735,5722349194.8634815,139265795.90055704
4736,5536274338.954187,170464085.49048123
4737,5349180229.890264,193096776.49866396
4738,5405209278.733497,208424211.15134567
4739,5266771855.005384,92068252.87241991
4740,5469553324.518883,198671381.10453975
4741,5525481502.446468,183086785.7147868
4742,5510602866.655103,172045969.5718432
4743,5702918012.136969,225147661.2338428
4744,5162051677.099045,148810933.18800274
4745,4386579713.727272,-28264421.585289624
4746,4328850401.248809,-65932831.67171114
4747,3823804543.113903,-170489949.79629797
4748,3772646513.8833127,-202683418.70252618
4749,1533257390.6598103,-207539282.69107127
4750,1291373504.0020409,-106751187.98590796
4751,1180328333.0713131,-229424498.00663528
4752,1161977910.1553137,-215668762.8516692
4753,1108295252.3673599,-188356619.393102
4754,1071985940.3333808,-198538293.15844682
4755,1136366890.1122963,-185702807.88295782
4756,1279984755.8654683,-199558933.93386686
4757,3110653660.6321983,-85205701.28197698
4758,3657397011.5563865,73906594.08500089
4759,5702754580.165623,189252823.64241347
4760,5624072102.760825,232980697.26330483
4761,5398298742.345104,315791183.1569445
4762,5345739723.293479,288615804.1073431
4763,5143797907.499433,187408322.79702678
4764,5391470449.142291,293035185.9396144
4765,5471273402.083973,325011141.2379663
4766,5396263926.435196,274646920.1660633
4767,5557785676.782659,275304917.01664597
4768,5188376701.550211,192341662.36831045
4769,4613866665.07762,62341635.61939861
4770,4714354482.126008,23013865.868876524
4771,4371691720.1375475,4085453.426936688
4772,4315574892.509704,-22611977.661545027
4773,2174762146.1863847,-17497134.260277558
4774,1895080837.8888764,47966095.80252384
4775,1628339475.589306,-130536555.62178355
4776,1603062700.2876866,-141071779.9337101
4777,1550824218.7798622,-170855139.86704698
4778,1503785334.2270722,-164510871.72560853
4779,1457531626.0699527,-174722371.77163208
4780,1667087790.1289942,-180472296.7102778
4781,3472800940.4044876,84505108.30958712
4782,3880314530.072815,357624724.21960795
4783,6022521884.901621,247496275.1053174
4784,5843024726.505742,270836430.9417938
4785,5659269901.656349,359729659.4182379
4786,5632999881.728873,310068174.61793566
4787,5498596943.160071,176110345.91701195
4788,5812910716.31889,335947929.1336646
4789,5927964012.413549,388273773.7628877
4790,5962467137.564203,369396647.97431004
4791,6210992688.657506,409204911.8318634
4792,5767704730.111408,400259573.7741639
4793,5063191062.565362,239268586.4595579
4794,5001439698.058742,210078478.52362305
4795,4614218307.415967,69341354.46550807
4796,4564175349.923206,-53692417.06927529
4797,2305175235.8547173,36694307.8518854
4798,2056710137.017482,45501426.56009827
4799,1843319999.497308,-126376153.2022346
4800,1735205357.1194448,-121309322.83815724
4801,1675278895.0928683,-150189892.178268
4802,1619289913.4426098,-149711944.21714827
4803,1602867812.0551891,-268648239.50991213
4804,1439130416.2295241,-250805576.43170315
4805,3188099590.6537967,-114796281.59629297
4806,3539191806.8810096,73701811.20668247
4807,5468579234.823001,128952086.28293942
4808,5603572110.08837,218027182.3244976
4809,5671125924.644329,359472134.94603646
4810,5734828368.142205,377334439.7212777
4811,5682335600.545631,240983233.86345312
4812,6002687218.512517,425904719.13089573
4813,6092611882.479584,451059913.2672103
4814,6048425325.160036,423022481.9589683
4815,6163486177.786704,489879545.04080373
4816,5577007912.612472,341577094.0090746
4817,4409767942.661738,14357697.23970832
4818,4187890062.3630323,-87882064.3701953
4819,3763129852.6185117,-105243869.60624273
4820,3759339548.883056,-155408036.35652024
4821,1525163817.678836,-198133092.22337273
4822,1290164107.4140813,-97104204.86199842
4823,1138699925.4365845,-206434255.3654383
4824,1066839766.3023133,-185935598.3663038
4825,1066181117.8844591,-276941400.4791127
4826,1146520057.3988338,-100549504.01551895
4827,1139785254.3129632,-270208663.2185907
4828,1188646493.212911,-326602157.8091545
4829,2873404300.495202,-125079073.72784121
4830,3276021685.771969,-129562472.94303271
4831,5333864896.842129,173484905.74702555
4832,5358008192.342479,178846361.56658766
4833,5246027768.775726,287030646.40980905
4834,5212596616.77046,244100443.9295079
4835,4924094375.352837,130824958.46848388
4836,5170685981.45188,217881688.27240637
4837,5211860997.166101,237451365.74893832
4838,5198902423.438095,202041750.82123327
4839,5294823986.353741,212463489.77252865
4840,4708521103.015427,153177573.426391
4841,3840473945.1912985,-29222499.918310426
4842,3703660912.2450523,-18098752.165674824
4843,3168237685.602802,-129584297.0508464
4844,3095927078.0808396,-206560835.1907577
4845,1300800189.8159504,-305053033.7539213
4846,1071139608.7484326,-235863337.281933
4847,1066325922.1257377,-286319947.0769139
4848,848227186.4977771,-274793180.7999856
4849,868156748.8702434,-300059677.88614994
4850,845687137.3431176,-305282914.35622543
4851,859605566.3695009,-334832028.86569536
4852,878869450.9920121,-348914398.1676063
4853,2540359026.7538643,-250861591.6417583
4854,2563137225.9602194,-293609199.08668494
4855,3335731424.70321,82719168.82016717
4856,3269847779.4544244,-44238213.56438664
4857,3103167509.811393,-102677354.5273533
4858,3073789251.0288763,-36577951.72178297
4859,3117643013.4067726,-121585034.06687014
4860,3178275791.5095124,-136953570.7892676
4861,2179125779.82132,-230389851.04226065
4862,2127776684.5575619,-174964619.36836398
4863,2315388328.1974144,-148159522.68133476
4864,2171449397.7005343,-164200969.39465418
4865,1404987192.8824368,-132467989.16329473
4866,1337716133.2102368,-267435546.58573166
4867,1340599389.5047228,-264307424.46577004
4868,1034467583.1780472,-278512008.7714376
4869,894746251.9417057,-379627465.0938062
4870,890300199.3878876,-311475868.68348897
4871,832794990.8034655,-315968725.01206636
4872,825321756.3803957,-324598704.71185815
4873,826371938.5962698,-309863067.1160576
4874,832213665.0387212,-275205656.4376642
4875,915942148.4921488,-295404595.6894908
4876,858243281.8083469,-284618394.1377069
4877,1145673022.8806753,-280974495.6030818
4878,1220038787.4423118,-232758494.210306
4879,1293709351.0591693,-233721664.83515
4880,1238957531.858669,-347284864.78418446
4881,1322124020.2106297,-237874065.08183393
4882,1348796820.8674877,-210841997.67354235
4883,1396288570.140878,-199951767.8745132
4884,1557678696.2447505,-149867622.8528859
4885,1484931435.3993459,-176580330.8168372
4886,1431859978.0375652,-203248663.09490064
4887,1424425229.207748,-93113303.01313578
4888,1642994051.419956,-255833123.40171587
4889,1628413459.309668,-247379191.50495452
4890,1421014773.0056946,-122988324.19929013
4891,1380519142.2390256,-125366424.48072141
4892,1148510588.5165055,-145600282.30504987
4893,1022507701.8082767,-280075342.36115795
4894,880680206.9412035,-318308269.36969346
4895,858364889.2536924,-316670006.34314615
4896,985608628.8110323,-270699705.64439857
4897,968527527.5391524,-326990626.9282381
4898,972704005.206901,-342226036.5929721
4899,999181741.8979589,-336771464.58007157
4900,1170074294.869128,-310306823.9749358
4901,2298733028.7175465,-77096590.28867184
4902,2654476543.012592,-69483614.0129978
4903,4778609079.66041,239446816.67336965
4904,4818367772.822951,144675628.4924395
4905,4612052570.19568,118469967.30002618
4906,4583961953.254071,138839862.06305996
4907,4415149950.784791,74504938.37422611
4908,4639047665.729364,129016103.66585957
4909,4612858570.9876995,124989555.77423455
4910,4610652327.241181,131358557.9045285
4911,4740105210.14453,164118726.1436521
4912,4344699875.66996,68486576.90947205
4913,3717954531.872321,-34544672.34380791
4914,3648426177.92922,-140591649.561809
4915,3122088363.0273805,-350599219.29082286
4916,3118188665.311105,-349863019.3872412
4917,1371887473.885728,-147767416.21094885
4918,1131275544.871616,-263687619.80386138
4919,977283615.070636,-417826928.47036076
4920,980989127.4876245,-362415518.73141277
4921,995861788.3467047,-366605019.96137995
4922,992548864.1275514,-341296329.6001091
4923,1055936745.0139128,-375801698.9940671
4924,1147564791.8823297,-373158072.0675693
4925,2226488013.650751,-111504478.6677287
4926,2617555679.085835,-122552569.51327686
4927,4703614892.808953,219084196.61294043
4928,4727912833.615523,139516409.4052842
4929,4616520062.212406,96779714.01426442
4930,4689586806.201797,122879164.54865114
4931,4624792092.362091,28489534.519330267
4932,4799882738.19722,117111780.32375447
4933,4894985735.389715,155497839.82211602
4934,4897858974.885958,175921567.38442355
4935,5046557466.148356,209186599.98430374
4936,4593390308.534354,124611998.7090578
4937,3794808855.730978,8162560.5016634045
4938,3757288214.0427117,-17904517.60613302
4939,3350684571.4148455,-111027258.17686945
4940,3327851982.7513595,-136049325.25552055
4941,1290879341.9553478,-262433461.0748349
4942,1031322659.9961054,-171328723.00660396
4943,1028289678.9278704,-216849447.08438957
4944,1016161269.3209808,-230686658.90852678
4945,1015244644.4150237,-279783626.78671503
4946,1020421923.2406377,-288766429.56282806
4947,1044701060.5838372,-304457963.08086807
4948,1148760832.7392974,-227649470.57112217
4949,2514913020.2819157,-150726765.23048463
4950,2877152867.5713086,-187704806.03973323
4951,4969119180.525417,87520472.53917803
4952,4968702692.598439,106286295.3779059
4953,4848839576.01374,191671662.2584303
4954,4863841225.116871,173843184.85030022
4955,4741808329.445927,119274185.67296049
4956,4946131507.222455,170248026.82312572
4957,5001192968.502,160675245.66578272
4958,5031774429.273562,155793192.74786124
4959,5189578014.406254,181937746.43839625
4960,4678684927.179862,89510103.7015257
4961,4032448069.2162886,-48698333.73124354
4962,3992878377.22061,-76108685.67497233
4963,3564240831.82256,-131352049.78375494
4964,3504684848.5476947,-163998732.6622474
4965,1405435137.0705667,-243146042.05935994
4966,1183045345.6616127,-173087746.09638703
4967,1086345635.6823978,-194097814.68862224
4968,1095099438.680949,-266043895.97747898
4969,1070599931.7763861,-267269683.36634764
4970,1045658455.6159796,-287443888.6293187
4971,1016913407.8557769,-247011091.55316368
4972,1210060650.5250869,-203265394.91089115
4973,2781354405.83408,-140400324.88330904
4974,3132882956.8681245,-180281699.50203827
4975,5188869457.730483,61785120.87014963
4976,5141837251.043189,118049853.22461273
4977,5008164308.613066,210416024.72447473
4978,4998600902.289794,210549879.25239864
4979,4803446082.372467,123926721.72370806
4980,5162463420.226854,252295032.67841667
4981,5150201804.776653,166009057.61544752
4982,5198529165.903538,179595292.19972733
4983,5330133375.896367,177973760.98917046
4984,4891170565.3919525,149414733.50418136
4985,4118272084.435645,17082437.100246977
4986,4120888577.576902,-15168501.956557292
4987,3699442302.518024,-46115086.83636361
4988,3628225590.870939,-100623705.98208548
4989,1549121011.6118147,-150864257.10971087
4990,1221159438.7124975,-214008675.71730816
4991,1134215035.822909,-224398405.97714347
4992,1134839240.5134687,-190872211.5537595
4993,1079672514.9857128,-246714283.68689755
4994,1051395972.2100351,-238716475.64344218
4995,1061159890.2314851,-209640944.2735292
4996,1297758422.0825891,-162331370.8252818
4997,2851169205.0602927,-75241541.12450854
4998,3315964811.035507,-81585809.26594698
4999,5445926509.194647,97565381.8955571
5000,5337858963.341859,147581872.182962
5001,5139397369.870968,197448503.5967129
5002,5187372209.992992,194561901.60322273
5003,5064873445.337061,95181825.58717239
5004,5295150147.363222,190695033.43376786
5005,5350821403.20252,195621462.03757718
5006,5321374828.098648,194689572.6339328
5007,5439696060.687016,245211654.75235474
5008,4937324808.499845,142739102.65910512
5009,4135582957.000573,21517459.54311814
5010,4112958348.7006226,34201631.00443227
5011,3705284072.8938007,-87222976.314222
5012,3672672804.611453,-163539698.9278995
5013,1582321777.257474,-155041391.3452503
5014,1337737396.9398422,-181997801.84645444
5015,1262556405.587804,-183925598.03666332
5016,1002482716.2525407,-127067977.41992843
5017,959035644.6700071,-121634502.04458116
5018,912568244.8170202,-148312291.43603057
5019,987432389.0246103,-188131831.08262104
5020,1139041726.7099907,-100233781.92248096
5021,3003098069.822984,-109149657.43463202
5022,3076923586.279341,-46172556.986939654
5023,3974138002.1063137,201394302.28942728
5024,3906286319.6025796,170607397.13179109
5025,3793827517.036367,116973560.9742678
5026,3732145896.6841846,137443119.16298407
5027,3781153543.391796,130010555.51190318
5028,3819008957.021368,122914083.12115304
5029,2868400470.439178,-47852285.818333
5030,2905043675.7479496,-91117852.08870444
5031,3034732173.0766563,3413634.641405396
5032,2859209618.7172537,-283447167.0183724
5033,2004221235.553563,-97222055.04419233
5034,1798112080.2234995,-84090489.37269765
5035,1717623240.2020733,-74954190.37162836
5036,1361828499.6493425,-80026840.49778937
5037,1160515984.8116293,-72269097.64028455
5038,976059632.6185672,-92745203.06134494
5039,937578959.8986207,-281721607.5605703
5040,949122353.341413,-315596987.7089733
5041,935956765.783036,-318003459.33056235
5042,901256467.8669524,-356312043.2461853
5043,874843401.0312228,-277655048.8046202
5044,975124907.1824503,-226907450.90545687
5045,1143751203.48429,-151935820.80336285
5046,1429399711.8022509,-204954580.85567042
5047,1380303693.210133,-165730111.8821331
5048,1526347030.00472,-278271943.58548707
5049,1296605084.4181342,-241357192.68889818
5050,1482877816.0260684,-228548623.81304604
5051,1583984565.7659414,-214780521.66365218
5052,1619147042.267659,-243916433.06518304
5053,1561136776.1717873,-182221135.21641448
5054,1484594730.391713,-185492568.97768596
5055,1424998295.5072734,-117426814.05810255
5056,1584640578.1842577,-230155605.61839375
5057,1565058264.817576,-231328287.67824912
5058,1360784819.5656617,-142519445.75201792
5059,1357193006.5954053,-168320633.4796176
5060,1130154542.1348252,-247307171.94916934
5061,987924618.0049757,-319389290.1767314
5062,911133206.6686219,-359034964.43107283
5063,854687494.1651076,-316750028.0717963
5064,1021753981.6737579,-340617599.8471035
5065,990869908.155252,-337896133.60273683
5066,977328602.7960819,-329853949.87339365
5067,1008444292.8073124,-315073936.59170526
5068,1217705400.6514187,-223174800.99905616
5069,2255251337.674416,-191003883.67090207
5070,2575426343.672266,-128676414.16579707
5071,4729964344.18917,213683457.3993137
5072,4744714782.5363455,213775846.12239164
5073,4627951601.408143,254310125.2998803
5074,4579537779.496417,128398117.67960203
5075,4314734887.323647,9477826.732568197
5076,4569003534.54336,76161388.15728486
5077,4608854663.423028,104043868.3000497
5078,4634236175.77295,139203233.4581578
5079,4718813802.544167,180463164.22045153
5080,4300605226.867631,63653628.23413135
5081,3626769508.659563,-78870162.78366402
5082,3583369138.202175,-60794709.22210907
5083,3008819858.286464,-170162588.17909268
5084,2957534246.678242,-236996008.4774633
5085,1235293316.7677734,-372861991.6715636
5086,1058480484.5679252,-362326039.88937664
5087,1039238039.4083217,-357822998.9771528
5088,1030721124.901571,-360645583.58772284
5089,1028358214.9158542,-347188838.70980424
5090,1028168598.6824324,-337842300.8034631
5091,1109837839.296902,-347207025.4663156
5092,1301016166.0447505,-272188837.26755244
5093,1985723372.3967474,-36954781.316699274
5094,2334265423.821074,-178826758.9811259
5095,4618771205.8177185,272439047.9255788
5096,4697973238.731424,214920884.31234968
5097,4785842350.258885,161360158.9160022
5098,4781622993.665321,173167001.2432062
5099,4610381258.62204,100264660.2969798
5100,4814313957.000363,165328872.92192098
5101,4809415215.459248,173281577.80922803
5102,4804298213.156399,162979143.98064747
5103,4954471809.760171,154148382.48896977
5104,4514831195.9079275,107394960.05484115
5105,3754392656.417049,-47388887.262422405
5106,3633438060.290383,-76390216.66576888
5107,3090344250.72633,-161770491.25447008
5108,3014216364.406975,-224039035.6684781
5109,1253636534.6183693,-334959336.1612752
5110,1076576094.1952672,-283139447.0981994
5111,1017964995.9380713,-289771065.99251807
5112,996960121.48747,-286554192.5007808
5113,992539374.5292152,-356296038.9004553
5114,1001820201.702031,-409581780.5383503
5115,1025086236.5561886,-390829052.16431063
5116,1210465891.5207038,-261669617.3013559
5117,2296637936.284874,-146270282.41493002
5118,2633757323.045241,-120394165.25050335
5119,4781549185.678262,246578935.10688215
5120,4903349234.723364,155386173.13713598
5121,4944867633.310714,174445166.4908277
5122,4913496075.611011,161056803.817392
5123,4769181427.313337,69847310.03165536
5124,4898494426.507878,141183771.2422498
5125,4910837933.677055,155564767.086078
5126,4910581714.521978,161615137.2422921
5127,5058986379.7025585,184555184.4355176
5128,4573454068.296392,126848242.28970012
5129,3790934990.810173,-13425483.212504262
5130,3705415609.270739,-40042165.10207534
5131,3259664473.9065046,-147966743.06231385
5132,3163536292.5604186,-213106612.59434247
5133,1278666756.09655,-300429960.24872214
5134,1054219303.4483608,-224332206.18344194
5135,1016742067.8858175,-270765177.96783966
5136,1012230818.2767637,-303203804.3518416
5137,988979369.2867154,-315680646.7889257
5138,975873003.8512883,-367331035.2813152
5139,1029190312.103298,-320729290.3964917
5140,1196766777.6558685,-290112249.544672
5141,2402229312.0384684,-85523605.78579634
5142,2754724571.969689,-53337411.58217267
5143,4882081638.985492,206837234.77816048
5144,5021430767.0870905,112395226.89008676
5145,4908637752.729475,152009983.6583588
5146,4801980642.362733,142120025.4674569
5147,4694677887.842523,54342372.63542234
5148,4836105237.979753,141628619.30651876
5149,4901908924.57589,187745141.52761802
5150,4926871137.265994,192984382.3434235
5151,5074396433.000752,223679989.98337242
5152,4666934344.173396,88323599.70672166
5153,3947521084.639658,-3518065.7353514098
5154,3849037692.6231713,-68465883.11861959
5155,3459510055.001412,-90112488.18875399
5156,3423428712.99413,-189574404.60910565
5157,1358932414.8237727,-245458670.01735017
5158,1118438930.0555608,-156502879.0985068
5159,1088095763.642219,-196913124.5965877
5160,1062572434.5171605,-194428086.18686935
5161,1063840350.29486,-196828010.57611433
5162,1048998618.4970238,-218121065.099667
5163,1056238830.5609488,-217034224.53054544
5164,1279588301.5349777,-199494916.5509467
5165,2812325994.5372424,-79252812.14066398
5166,3245500237.9232183,-118560940.19415376
5167,5351239999.929129,109222365.34910709
5168,5374638186.226784,153039354.07690433
5169,5238308507.729125,213919885.23396194
5170,5060371861.059646,188852714.99916255
5171,4987491218.637627,65873503.733913414
5172,5036480215.648508,127061391.07601377
5173,5142175010.450638,148833121.03094664
5174,5151623135.727455,143142848.65365833
5175,5367447530.954169,168213656.23975998
5176,4833392267.255411,89657416.42926809
5177,4129444768.476766,-68962017.83625072
5178,4071587522.154066,-105455563.45203549
5179,3663623374.264734,-204377696.93912867
5180,3637805779.7246013,-222763780.3018984
5181,1458231044.613992,-300013119.78948075
5182,1212150470.958684,-203162821.60416684
5183,1109398857.507201,-213989034.02027583
5184,908442202.6070956,-267812376.18064797
5185,922217408.9919231,-297502619.9206464
5186,926037148.055551,-344816558.19045657
5187,918788325.0598024,-321784122.2741532
5188,1004616821.4783733,-259568683.18915844
5189,2850690331.810919,-121505739.80848041
5190,2842359343.138237,-218502259.51614603
5191,3737306986.0793037,190339664.211535
5192,3702480687.3853116,21747703.880552523
5193,3518606177.1735697,18087073.529936977
5194,3539074900.3015065,40570269.39959598
5195,3604073552.6387887,75039629.0156614
5196,3642784435.985039,86459457.16430268
5197,2752239790.938673,-68609194.75992946
5198,2718558921.910522,-121697791.95724083
5199,2830695923.8498216,-106336529.93744794
5200,2785252258.3506794,-47425988.24570567
5201,1974551127.6888824,39661659.04428621
5202,1842200402.6269376,-11364559.964631876
5203,1784457602.617505,-31783195.235116217
5204,1558620275.2796657,8115638.66986398
5205,1314394918.0990872,-14609077.326266482
5206,1262108109.9330692,-10850965.960749805
5207,980792481.9221019,-185811928.42202625
5208,976689636.5081102,-111909679.60280281
5209,914151777.60605,-139827078.31806955
5210,956340598.7425228,-237641274.59848794
5211,938483986.4066113,-279825820.0618215
5212,975315402.0823846,-233968277.25344464
5213,1396084719.5099518,-222927461.11050105
5214,1528157610.2206087,-181086281.61010283
5215,1415281122.5442946,-174069830.94800287
5216,1505677278.962029,-185598052.16545212
5217,1192282942.442008,-160003465.99182197
5218,1280217426.758008,-142768240.58109394
5219,1363419237.5037758,-130320496.95442806
5220,1422471777.8169081,-8144049.121592322
5221,1624526590.1244764,-168341002.64691037
5222,1770171539.5222447,-202649227.60028476
5223,1584461681.6822898,-52574295.278954126
5224,1878110272.864283,-188143470.60678834
5225,1861875327.444049,-185090277.9236537
5226,1613279131.5631318,-91269165.90287933
5227,1570704048.6277146,-95338634.53987126
5228,1396514211.7013168,-152107503.7848305
5229,1152958046.9367437,-76772138.55250837
5230,994801237.8659817,-117354794.50231738
5231,915170152.0941676,-245084750.30347568
5232,1108608760.5790598,-261985339.3943939
5233,1116920418.5884643,-272551117.4572596
5234,1125814456.7624283,-290766245.30882215
5235,1105409535.8066387,-351737710.2484368
5236,1279576175.9371035,-336587414.60417616
5237,2710966013.1084347,-126315045.70035627
5238,3073100596.1496167,-76613550.03572892
5239,5127267905.864263,160146011.05130085
5240,5248653575.782017,174400790.8049399
5241,5056480774.275194,205252804.5508869
5242,4978684695.648319,197150240.78992587
5243,4863149538.838142,131566978.1341492
5244,4961501493.327674,229770371.00391164
5245,4998381938.594851,214604798.48418146
5246,5024993935.529036,209154591.29284367
5247,5234307060.430689,245763804.680041
5248,4721780707.890654,142776931.11264884
5249,4007791281.005968,48026112.09901147
5250,3976719875.7869735,27146988.153658368
5251,3526298166.608286,-17097753.08728711
5252,3516371288.8987403,-104722273.42949565
5253,1427651692.64206,-175580059.20870993
5254,1204813957.0449767,-124275219.09003712
5255,1131337930.1940114,-124033698.96356566
5256,1089443286.6059613,-185031352.83255675
5257,1068599383.8604705,-215741509.8777148
5258,1106276955.3878894,-241098213.27617577
5259,1157328709.9037797,-243350461.20254812
5260,1281200303.1190162,-211122801.19407845
5261,2861688073.349379,-50525739.02550949
5262,3275049880.6090198,-83958817.25555508
5263,5378938731.6061125,146043272.58209714
5264,5388723210.423958,171881561.2929801
5265,5072651401.3067045,237872571.02974245
5266,5019629149.26963,232913769.99934286
5267,4860933366.160032,174628852.7315929
5268,5034797745.010159,252162633.09101364
5269,4928927216.905507,201574351.17889017
5270,4896789110.540201,233437548.5868713
5271,4982476668.850148,282313365.5058809
5272,4644011692.192367,229559404.62837934
5273,3783259311.622597,60243247.65311273
5274,3689324237.9586654,-23036820.293651443
5275,3222147522.6175914,41358119.69167004
5276,3143718848.0349617,-146991932.91330257
5277,1279337530.1122782,-281018143.8187092
5278,1041850666.416923,-254895414.23598787
5279,1059247033.2335281,-290996125.9111263
5280,1056623335.026868,-300750774.63358337
5281,1047116163.3604033,-275533745.52513
5282,1033977287.2640096,-281880196.0773498
5283,1044716349.3811567,-251192590.61026585
5284,1217673065.7237546,-264381626.43233657
5285,2260531771.948611,-71866806.58625229
5286,2610467036.9953356,-95419383.73878188
5287,4703900283.69225,263082325.43559128
5288,4733710626.732344,179474168.40136135
5289,4655764823.33172,164259127.90392014
5290,4614100917.569881,128930262.17512573
5291,4428838344.918172,111316024.7587
5292,4676781559.780241,130916619.72130136
5293,4688797148.606912,135904883.29724947
5294,4704143234.982987,129641364.35472167
5295,4871486326.709808,165739166.14881825
5296,4431007069.604602,67814758.12394075
5297,3686726196.8141737,-81704386.91840135
5298,3639628090.1384335,-94170317.30157861
5299,3231235306.7575865,-134822810.39639142
5300,3212474063.313615,-142186264.37272897
5301,1283803967.7291887,-276093170.1554208
5302,1051406867.6747915,-204158000.9204709
5303,1005970319.3744012,-236139775.98090637
5304,999397542.3934565,-248709007.14106843
5305,994631479.4957451,-274963408.8409323
5306,992801392.8832762,-291415148.781149
5307,1029980057.5648339,-300896996.15593505
5308,1184564560.0619195,-285560468.1249976
5309,2493558436.5592947,-89296994.0267826
5310,2837452429.9985538,-64352038.795739844
5311,4913577967.329986,158654697.01736566
5312,4887176850.358828,141553326.13456154
5313,4767875377.40899,217306986.76664597
5314,4783652361.842851,183864451.42321447
5315,4653679308.364035,111999119.33326837
5316,4824444278.957573,153207035.97193947
5317,4839505325.916957,182144347.9923658
5318,4836993394.090701,163441815.06629762
5319,4977263716.164123,214741562.89314723
5320,4560816383.578793,127421488.8549396
5321,3808559107.986847,12221117.084748488
5322,3754779445.415901,-21040641.89895966
5323,3293015886.9257517,-108958332.75613204
5324,3245081641.1966095,-128267575.8794207
5325,1277465970.440414,-253968617.12416667
5326,1052418740.0307157,-171058104.06971425
5327,1038251999.8478682,-201504916.88058716
5328,1027618553.4455372,-209629304.7493619
5329,1019520235.665395,-226858710.3980063
5330,1031636695.407713,-245078930.54139203
5331,1039864880.0984193,-252317259.6329311
5332,1126362920.3996007,-165199786.06226054
5333,2549320722.249299,-168029645.3754351
5334,2983157787.719064,-132886284.56305705
5335,5037972191.386924,85058713.17779428
5336,4981051823.233296,119180705.74449188
5337,4899990619.845554,195202075.4324242
5338,4904757561.409779,191862259.46666983
5339,4729844054.743593,123401124.46052846
5340,4956196456.391126,214263614.9320275
5341,4994404039.558952,189037128.7101882
5342,5037215483.7862625,179729146.72765124
5343,5245540636.061134,170656137.63924164
5344,4779459365.244665,117038305.8274484
5345,4090220480.287196,-69519260.05576016
5346,4066337621.541185,-103701632.65407561
5347,3714398919.962384,-176051459.93748555
5348,3720575594.0794435,-184544675.22831154
5349,1508845398.9399037,-239490504.0005676
5350,1259196033.3769698,-102688994.0515206
5351,1061599574.9543962,-213489261.95134243
5352,903086730.2127239,-307488604.1859286
5353,895475369.4138713,-357198829.49368143
5354,909718202.116711,-342952779.38316786
5355,894057553.1291202,-395419389.5077892
5356,1038341272.3655497,-236576258.1371801
5357,3038198512.4689116,-83001466.39279473
5358,3176223621.935981,-110195032.19890757
5359,4003902830.221054,223143116.93115577
5360,3936723503.332771,175948120.0489302
5361,3799619906.354135,114068772.22426623
5362,3735178021.05257,68979438.01093112
5363,3756846947.7200775,46980737.33473593
5364,3799792476.457212,26454800.2008343
5365,2818810817.0002747,-75445232.79743628
5366,2802020730.077372,-61226099.08655959
5367,2976782534.970155,177308125.70085305
5368,2856900131.6555037,-74806513.90875575
5369,1870954237.0522664,-108275965.65182413
5370,1521459359.6616628,-26981164.045844905
5371,1473626687.781379,-12625265.926002452
5372,1339407741.980318,-113144196.63479696
5373,1214481397.4833417,-83224799.76275478
5374,939112408.6964316,-244321634.00025713
5375,936652845.3943274,-228266365.35198903
5376,940881340.1196226,-243594891.2100614
5377,928772436.9093131,-282425798.7726919
5378,913945818.1754937,-287076516.14778835
5379,918693429.0764403,-304471785.01581675
5380,1145063404.054225,-145075776.24726096
5381,1650753555.3928347,-356207287.5286796
5382,1990604013.4077034,-400406925.6134768
5383,2007828337.321139,-409932421.20389014
5384,2051769746.6836681,-332666349.9003173
5385,2019699824.8397408,17832822.673907537
5386,1962754854.0237603,-57833905.26205238
5387,1922486973.6171603,-93143129.29381447
5388,1943712393.3624272,-123996597.9802824
5389,1984831525.8864458,-150368122.39207974
5390,1965422661.2893536,-187811016.69775984
5391,1760163352.2102885,-104682990.03543101
5392,2000608861.7869117,-163853966.0804166
5393,1986897622.3242023,-163270534.93153074
5394,1748185897.5102658,-156633823.7453889
5395,1562151635.9938545,-90805767.34696874
5396,1250013441.120264,-175378549.94656357
5397,1052551770.1407253,-199362516.96354368
5398,882218576.2714851,-330434471.14123774
5399,896894064.3651351,-357541467.98635626
5400,1157653113.580236,-338576318.2962634
5401,1130328518.1043224,-354251119.99831295
5402,1120109099.3627343,-335675894.36782455
5403,1105001131.6115766,-347831922.4200475
5404,1290409958.3043103,-352405527.9475356
5405,2613222095.845631,-166704194.56088394
5406,3002582380.4467325,-80897622.39955543
5407,5081044775.301783,202984188.54365426
5408,5207951282.651582,153793377.00186718
5409,5200818970.835405,238414172.6386521
5410,5146045712.171997,211514141.08263335
5411,4941106764.903431,87681243.46673885
5412,5041999295.747529,160059442.09030655
5413,5085711900.350174,173321224.9384229
5414,5081091871.8268585,161632232.79341283
5415,5191469256.208001,170129085.43554115
5416,4728190228.633554,121762497.6988509
5417,3974988639.1571736,-53784078.32209277
5418,3875723343.7777762,-17323268.86802853
5419,3353252957.5645366,-75264820.17284314
5420,3268230374.0713334,-86336917.53698637
5421,1314942678.8030498,-264365622.08660653
5422,1103242744.1865368,-243393381.94791505
5423,1061479021.9088658,-314270081.9539012
5424,1054673574.0353813,-321984904.0660391
5425,1061540177.0981437,-333724091.6590206
5426,1064930599.7037094,-363382326.707559
5427,1085586643.5488036,-355961402.58064544
5428,1249625597.721597,-240334369.50269675
5429,2510830384.197714,-250967074.82952443
5430,2816396768.6235237,-186187303.07642162
5431,4871960455.160013,175482539.08223826
5432,4883946872.258465,185667122.7286249
5433,4833221454.485359,203538884.6172521
5434,4822521756.627977,199927358.50921735
5435,4655189736.0992155,98949030.33094478
5436,4851375759.035744,186769967.6434765
5437,4840032174.357919,192602096.72155377
5438,4823927623.048157,172802174.9075874
5439,4930755897.651556,172876376.87415394
5440,4491228456.046137,115424049.31949611
5441,3760955416.59975,-45337421.127935946
5442,3717921142.544842,-25043183.271989614
5443,3199717451.0835333,-136483625.0010129
5444,3164806976.137633,-176946248.35784665
5445,1280425670.721497,-302009298.1841726
5446,1081375019.2205503,-227047125.19546446
5447,1010725486.8073564,-282499273.26899797
5448,975297653.0188298,-323846500.46254647
5449,981491021.7996286,-311416216.1221315
5450,979517888.2789066,-334244232.8952468
5451,1010877847.5806433,-375664207.11484087
5452,1210570277.102402,-335037175.47914404
5453,2420545818.427081,-169825769.44850147
5454,2777144978.1721087,-117557758.70498466
5455,4871554159.764582,221140755.0392501
5456,4904196972.174732,174436436.84770223
5457,4798413959.254737,206461132.65350464
5458,4806430561.049206,210141040.96602228
5459,4701212179.230215,115613555.32234494
5460,4936943115.766766,208568250.262916
5461,4941598642.417191,175990677.05916688
5462,4994415637.956919,176144173.28412315
5463,5207952688.518002,186449516.99374554
5464,4744273340.48041,120702573.52936623
5465,4106869541.2348247,-37300329.69041596
5466,4075893954.59903,-75411769.1654553
5467,3652936768.5383897,-127976587.77523822
5468,3603446843.7486677,-121675967.84942716
5469,1420617615.741994,-245753295.47283491
5470,1210922798.1072621,-200984775.644361
5471,1137979594.629545,-224984747.00707117
5472,1140673234.6906092,-262149747.673257
5473,1139872066.5644093,-308519429.544995
5474,1123727272.3283691,-341374896.3882384
5475,1067440071.2637299,-315834143.013882
5476,1223686835.0693755,-327210322.9468959
5477,2661783533.731476,-154267362.98812494
5478,3099260826.696342,-81784408.64705153
5479,5150276667.1635275,181624934.22640008
5480,5198792414.390717,137176865.0476571
5481,5141511792.966918,244887930.48645175
5482,5195434502.446117,209943896.52543864
5483,4966399356.202277,101274752.75362322
5484,5201500464.582587,239044525.61933738
5485,5324159673.743721,256164083.2586529
5486,5336070525.522088,248788989.75814804
5487,5482904486.444723,227553041.6500412
5488,5067133551.340802,134646359.74666023
5489,4220648551.2195683,-28577961.267546244
5490,4130639491.3339653,-96334541.32643577
5491,3727149776.9268084,-108794651.9475294
5492,3689370895.1504855,-126761712.44027638
5493,1498246044.7982621,-285743063.16037214
5494,1210124090.2472975,-127754709.34579907
5495,1087625149.858064,-288532911.60922164
5496,1078783655.9415543,-293171989.4601508
5497,1073073905.2092973,-305153424.6498642
5498,1068881084.3444141,-322322450.26689076
5499,1084696730.1048298,-312684924.25636715
5500,1238998653.4514592,-279595939.45951736
5501,2954093300.7482014,-52128356.00929448
5502,3397700874.238261,-44642687.029200286
5503,5565012884.582196,222861222.20522898
5504,5470353086.778663,209153500.087453
5505,5171775527.92752,286379196.79157054
5506,5080574512.984232,214201416.2247585
5507,4853976787.6463785,140306805.84326985
5508,5184305312.39737,239326056.61013395
5509,5236778573.597364,243455905.2787437
5510,5177816184.468427,217808941.24636075
5511,5310673021.441636,189428507.71031362
5512,4778378605.434152,135803401.19591582
5513,4056606345.980678,-52645587.364478834
5514,4011596917.472069,-85860424.51638755
5515,3569298436.269156,-149703942.04428324
5516,3543850760.3308334,-178441927.21334457
5517,1420152625.4235194,-280168458.55449635
5518,1187258375.856286,-207513093.76169485
5519,1111124558.5379713,-264986881.68903613
5520,911835964.1454091,-318159865.43656045
5521,886971107.7049023,-346051802.6927112
5522,865467677.875045,-357230110.714881
5523,872320573.7402104,-336344439.5371838
5524,972947571.5641971,-305365845.9659174
5525,2812121792.439711,-119501559.2409236
5526,2826544400.3110313,-194914763.79111454
5527,3760280776.4513664,139614981.62557602
5528,3769972643.8187823,97805447.08150764
5529,3706271781.9206285,66382005.445972286
5530,3626390803.3926272,44805964.99110215
5531,3667319616.7500143,32486619.8654068
5532,3725118827.149556,24734333.034855414
5533,2790086505.7697697,-123930398.1865809
5534,2790455194.2384615,-118934132.43776777
5535,2938653372.788579,11605677.244402552
5536,2886259718.774627,-300036398.83781534
5537,2134111694.3801937,-134477262.02267474
5538,1878530099.7240093,-92177776.25818911
5539,1816412243.4149778,-104189765.19884172
5540,1392132301.8029194,-99261154.18425103
5541,1215868460.4401515,-34429732.04265583
5542,862268804.5692286,-124705154.01396672
5543,884183450.3269886,-315677736.9078839
5544,875723649.1435578,-371112425.69516647
5545,856319705.0789361,-369202088.79120857
5546,872098622.5791246,-392738661.5980081
5547,883118330.7804,-428510556.71542037
5548,1093227000.3425722,-206418251.01970828
5549,1684446550.0188596,-370222729.5666286
5550,2022263246.5236359,-452687303.35142136
5551,2045437372.8605742,-445086694.0701751
5552,2063130377.4918373,-344633235.6848216
5553,2269324412.007019,-195650963.69469622
5554,2260276958.659953,-249256792.24719194
5555,2267380450.2145157,-266805557.3401766
5556,2075074794.3309858,-190087998.61298773
5557,1769594431.356761,-57747336.30105809
5558,1973866997.9421625,45903717.61413054
5559,1896240501.9522219,-382645011.7341785
5560,1814772475.9691408,-262717174.4764128
5561,1737280240.2223275,-260910138.34943965
5562,1411569986.6616254,33191174.812658623
5563,1423610705.3505561,-6618543.9854156915
5564,1197985839.5754666,-160238438.88594934
5565,1157178457.9301229,-171950710.079294
5566,869187776.1561427,-345286503.9787113
5567,844525188.7468392,-413171846.27370155
5568,1091712706.4747362,-360466625.9036506
5569,1074327586.5894926,-337820476.6956494
5570,1041988265.5927981,-370197268.1075126
5571,1022785536.1595646,-351030609.1552734
5572,1252892655.548792,-336084005.1839405
5573,2582255427.6749396,-163055931.20469615
5574,2973361183.303345,-78565352.74453288
5575,5039623381.497425,233151289.0393818
5576,5204155443.317097,172505003.30619106
5577,5304435895.068509,263120881.35939544
5578,5190171992.96878,228878856.1997226
5579,5092741232.451072,103234921.37042242
5580,5320283700.023286,178625210.60740897
5581,5386897868.610657,230857211.57303318
5582,5343836883.093765,208029194.79991797
5583,5452155376.102555,187465429.21247262
5584,4868292549.6697645,147538951.43759507
5585,4242186732.3099995,-36800557.62148256
5586,4171010351.4558434,-88883790.91884348
5587,3721309632.0840797,-90591163.62013416
5588,3653034871.654523,-112240678.57131037
5589,1492523641.2682235,-295715952.96096605
5590,1199169930.567863,-215798980.02829084
5591,1129280971.8879862,-235157691.12929052
5592,1138154800.7321599,-264087000.97685182
5593,1121244160.7637267,-292028406.2107136
5594,1093160924.6208236,-296739503.6174279
5595,1151736173.284305,-303275823.90762675
5596,1308664606.570435,-277035244.1427115
5597,2647441060.2461057,-175380732.35734493
5598,2972790928.7366595,-181805022.22743353
5599,4989640612.660779,167206109.92902818
5600,5101994293.762089,179754971.92189744
5601,5206646638.613655,270803694.7800733
5602,5309482955.516953,262496711.87592405
5603,5011330671.2579155,116340298.11254068
5604,5192350382.986848,245639771.0006332
5605,5145030676.616628,227312248.99383017
5606,5004389908.741488,179676041.39863795
5607,5042953879.04683,191581092.2110035
5608,4519758757.710657,128757124.25313716
5609,3716094306.99847,-17169772.64307227
5610,3677959125.951282,10472278.578611808
5611,3129328531.15798,-147926004.7277283
5612,3062671922.9780498,-179508398.61517334
5613,1288566691.6941524,-332541225.01551884
5614,1118181480.7673655,-371923555.03557515
5615,1073163001.9936762,-379039669.1233576
5616,1024847590.7313632,-358006321.4827878
5617,1024041326.3393902,-345692432.38404584
5618,1035987324.7782614,-354203106.9611228
5619,1099324243.0068913,-367191360.9913076
5620,1319567276.3922305,-290190816.3328013
5621,2150693185.873002,-127260029.56868887
5622,2584742053.9056325,-106530764.49698974
5623,4702336960.23301,199874616.91533428
5624,4705819730.689052,196175794.37604478
5625,4596409230.938388,224785017.30900538
5626,4576139448.892238,143311258.01895392
5627,4336416159.255656,21334137.03748318
5628,4573579278.27444,87709978.54202686
5629,4595843721.170871,104871001.98618838
5630,4619465088.762729,106870090.261922
5631,4691701317.164397,145364179.0939613
5632,4245656586.368305,38787239.79121786
5633,3553606199.2204366,-78171063.86336562
5634,3521659455.4382463,-139707773.19535473
5635,3016989963.120687,-176943338.47680482
5636,2982324811.865108,-221182987.4259271
5637,1181156739.859404,-425022336.8165329
5638,1052047942.7623934,-364474259.56850374
5639,1042368200.9928516,-373379950.49700844
5640,1013176614.9109395,-380420407.67770344
5641,1005984026.571998,-369879363.60369325
5642,1008283672.5688069,-367822805.1773836
5643,1054618920.9782969,-366439884.2122564
5644,1269340589.7316833,-279553746.18441087
5645,2222319971.181524,-85918622.13722405
5646,2581310685.440579,-127447716.89588657
5647,4647565107.436023,259116885.04584458
5648,4654385668.373524,209005096.15431994
5649,4597376467.035471,191057313.62347504
5650,4561377500.013747,161014974.27741575
5651,4309880079.108161,2258775.602931195
5652,4585352443.01028,122824968.01424716
5653,4542310436.690061,81765091.57357888
5654,4540388968.760281,68119204.42794167
5655,4680024542.144991,148008533.49071956
5656,4240185657.1941767,98873373.42385733
5657,3533630067.522802,-61928107.887899816
5658,3493515942.772578,-127665957.97402343
5659,2998525928.6246066,-161983640.04078373
5660,2985990257.0891213,-293956929.871183
5661,1248166835.577358,-368842718.4825432
5662,1089266498.9036236,-371508896.98711514
5663,1059481461.4590931,-351224843.7148152
5664,1063319125.3195784,-367457615.1066346
5665,1047914344.0204602,-374791242.8022934
5666,1045976357.1602427,-380198529.2482643
5667,1131294348.3349857,-427333509.8340022
5668,1310841239.2554781,-421275137.50492305
5669,2090563576.1487098,-57859366.72116835
5670,2501461338.907032,-118329604.65132868
5671,4639366445.94014,275276909.4116184
5672,4602399188.421516,254473442.3733527
5673,4563437797.25252,204378385.29781857
5674,4576943955.951185,184594467.82958224
5675,4444203937.690828,41432685.3933668
5676,4674324017.411117,135163591.1018446
5677,4670362725.172306,127239985.02495578
5678,4667396698.492332,103709959.45050031
5679,4771417457.854632,210610986.75427696
5680,4357775839.24405,87328420.39041759
5681,3627310415.764727,-78867252.9026222
5682,3607357480.8630257,-58978215.98174997
5683,3127624577.1233964,-148766232.8785552
5684,3098371440.4522758,-144992117.1673085
5685,1342753704.0603454,-262733178.82214284
5686,1090120914.2204878,-321368736.75543267
5687,1049258000.8515469,-338917501.84841734
5688,905148257.5846146,-364899829.6708706
5689,874428670.4372698,-323529323.42898756
5690,858691050.263174,-260306338.033261
5691,862352629.3545319,-237846421.2119366
5692,908087924.2692102,-237812957.5799556
5693,2656568823.7124243,-263688347.27412182
5694,2688423296.527459,-313745575.89611226
5695,3558773021.914551,21428708.171342485
5696,3429002929.4168167,11191019.195942523
5697,3342309341.883253,-118189202.89106064
5698,3465508579.483039,7236854.595232903
5699,3598730074.042314,57775304.7945151
5700,3700573409.9197097,116449418.65160911
5701,2792006919.299735,-8250987.249879382
5702,2900285696.5821543,-41884847.27181087
5703,3052973641.345092,73834938.26434596
5704,2833436924.035916,75714721.41736475
5705,1756641129.627831,-179730277.0446125
5706,1684604885.7244322,-111747453.73472108
5707,1711774660.1608236,-156929176.6711341
5708,1214417254.8279212,-219124246.58883607
5709,996142258.6975306,-275380249.3001737
5710,912533449.6231208,-289925289.6877348
5711,857271476.6453977,-389615631.7698697
5712,837601999.5606647,-338609781.92824435
5713,831155047.6243259,-317111580.7912431
5714,825456719.5567329,-330422104.14680994
5715,831797528.578348,-254403644.33991948
5716,895990795.1901697,-241799494.60725552
5717,1190989369.6021402,-207387241.4066359
5718,1452564524.2741556,-261781647.72146615
5719,1347018751.3125656,-157207070.31062838
5720,1288431728.517815,-129017597.71795103
5721,1221589458.10377,-115577584.65602292
5722,1326042872.8568804,-178481938.07766965
5723,1321094574.5244532,-118640961.92280394
5724,1477645884.1433702,-66508988.117992446
5725,1590037699.3713274,-215066417.47601146
5726,1548473610.1253219,-126483818.80078211
5727,1471729822.5139518,-46018333.29172294
5728,1692060898.283855,-198771811.11205325
5729,1656869074.320616,-118673698.08452447
5730,1478518927.1903017,-32543401.657292936
5731,1453967930.4280999,-72899814.35610007
5732,1201262738.467603,-161411120.94580472
5733,1102295365.9526384,-235314824.70554906
5734,957711142.7688954,-377202079.24544525
5735,869212203.0851933,-303787235.5007275
5736,1110850063.1194313,-376083229.98486364
5737,1073145780.130029,-384580082.6269919
5738,1056963906.1671565,-340770368.60179925
5739,1132945186.9788818,-392191603.96214503
5740,1340958764.1083813,-396053016.1046465
5741,2113406796.6769984,-64056685.869994625
5742,2470451001.0106635,-106499483.27579013
5743,4562581185.269374,252572562.5827807
5744,4413733276.766506,351812600.5736932
5745,4376708378.724655,297778655.772919
5746,4429582663.321006,200809052.46489027
5747,4308151742.077852,61950984.089533634
5748,4568421945.178661,125457682.88683811
5749,4567684568.241278,104631664.2704983
5750,4565590178.741815,71780562.24881768
5751,4720235133.494968,140306078.3730094
5752,4329242374.380085,78018619.7322295
5753,3592627383.6456165,-70135427.36636655
5754,3574779909.4414363,-107470656.07349913
5755,3073240348.0584474,-82729392.51538411
5756,3002180829.8504686,-174955889.7252385
5757,1239908600.4919205,-325980898.20672494
5758,1083948457.7026892,-342429728.26589984
5759,1064910214.6406168,-341427274.2469912
5760,1051192824.5123191,-354980772.6695505
5761,1031458677.5722578,-333637522.6980263
5762,1008756219.4192897,-316907161.64805484
5763,1088389941.1906416,-347628230.7471198
5764,1348042573.5330613,-264193939.10513887
5765,2045277982.7551863,-15358371.694536358
5766,2351874867.2669873,-165581707.94900006
5767,4559895628.940227,335777701.0927179
5768,4561761565.14641,329207189.70027757
5769,4596927292.714224,231430094.40314245
5770,4659559696.133041,213528142.49870628
5771,4530159181.753843,137423841.201082
5772,4892886776.824388,256823535.04975644
5773,4915250245.4367895,181174630.1351777
5774,4980881713.396455,195417770.36464944
5775,5132074563.154857,197903899.97975847
5776,4717262956.149406,118039668.64096634
5777,4122862238.2975316,-8763126.31324054
5778,4083896893.129228,-54376966.58436456
5779,3622502572.274341,-94843954.76276104
5780,3622689025.3083177,-145306384.3198256
5781,1421311410.8203526,-214656124.24911416
5782,1233146910.2107642,-188187118.8224157
5783,1116490047.7305868,-254403644.33991948
5784,1038501365.4041476,-268107729.1063932
5785,1031689942.5983773,-329107565.3861656
5786,1042008650.6558907,-353373790.86420274
5787,1097789564.0759625,-399196415.1000777
5788,1212704030.8616297,-392722657.2522781
5789,2163108040.7630033,-124038063.7851284
5790,2502096966.2622557,-101704726.78912337
5791,4583474469.072874,283857421.1336991
5792,4484630109.869675,282838962.7690605
5793,4394399098.822986,225968247.68763736
5794,4427997548.932254,154396086.11265513
5795,4268570100.217603,82801736.69472896
5796,4511280065.197205,76751002.80338459
5797,4491937803.521769,173120443.146537
5798,4491629918.775749,108704406.52366228
5799,4669158600.583423,167797543.25077906
5800,4275078558.8098245,90370337.28451516
5801,3541461841.8163433,-4190248.2560129296
5802,3508217922.661583,-98649351.69520737
5803,3042654230.354368,-172454119.49952966
5804,2958712889.9382606,-281061792.03433657
5805,1209352445.3159215,-375487431.84155
5806,1051254331.168202,-356518644.80015486
5807,1012705649.6601793,-348214571.77704746
5808,1001905783.8203595,-335497664.1540128
5809,1050276551.072967,-334756371.9586079
5810,1059586901.4406066,-342063810.72489035
5811,1101918769.4853327,-361958667.4078463
5812,1349463904.4838629,-314617812.7383992
5813,2112903496.498574,-79769316.02558787
5814,2509088339.969809,-124529833.6811968
5815,4604452104.861584,272641284.6579856
5816,4513439124.551995,236821376.50338328
5817,4420889488.311826,224001531.83849406
5818,4433789367.116789,153465287.9144014
5819,4263189146.4943657,78131377.62260021
5820,4551136729.675902,126647824.23294444
5821,4573551951.745897,102860274.18628748
5822,4579189124.624212,91348784.78482872
5823,4683307152.369459,121821786.52507807
5824,4249490384.096135,11117908.434766676
5825,3516259698.251639,-61131527.95270029
5826,3550925387.690457,-25986712.199801292
5827,3060319556.990484,-179270515.84000418
5828,3095860123.692579,-262612418.7589071
5829,1299961239.0297081,-349616406.9689465
5830,1061113320.9063166,-260994524.89965257
5831,1040725973.2807794,-354523921.345984
5832,1063124061.3537785,-412736091.5876883
5833,1084194660.059523,-458815512.8255043
5834,1064016259.330685,-477785754.8074204
5835,1077889876.3649251,-481428198.4015245
5836,1231032838.581419,-418439458.42966485
5837,2410736912.680186,-180903686.5747283
5838,2727128292.808076,-208434798.58169284
5839,4796365963.34714,206861968.767016
5840,4696733967.482036,307771914.7408057
5841,4594794593.354812,221516857.16390595
5842,4697851631.286078,87021427.94050509
5843,4533156488.961666,36464790.984711476
5844,4879310676.2713175,143363272.14257655
5845,4847105439.784448,135926343.6699329
5846,4848050182.018808,124633822.81687148
5847,5043507790.416381,136045648.79264772
5848,4550089622.792822,-76225808.38690577
5849,3829354156.8742366,-118715891.35963091
5850,3724192976.245217,-110163023.5074475
5851,3311820492.5621204,-173546779.83073488
5852,3264497710.8591056,-196463547.97562575
5853,1292458129.9452095,-321594980.00643456
5854,1090273099.2604723,-324885327.9944779
5855,1012280550.8013775,-405190770.0462367
5856,790379649.4400412,-505354695.2679286
5857,742399537.318941,-482414648.0747031
5858,724483175.660172,-489239046.5880426
5859,765616015.3817873,-467340009.33752996
5860,889878439.4618337,-429335507.9907777
5861,2373769655.1615624,-158473596.03408262
5862,2404268872.7475443,-180481026.35340327
5863,3338302578.6524158,72117744.71453913
5864,3382064915.7796745,64727738.073694915
5865,3464598939.9758573,85277317.99106137
5866,3474327140.2035694,77269689.09908986
5867,3538688989.969167,31951929.2239715
5868,3496613681.5627923,3329611.8263227064
5869,2595473032.2908635,-142441606.4341491
5870,2582527287.093942,-160578167.49758238
5871,2723026765.3938527,-65616382.1084127
5872,2658569283.7616887,-298860806.8969182
5873,1902631922.1649635,-216973844.4989276
5874,1661457646.58278,-131488814.1927207
5875,1601977898.6112154,-117255131.07663488
5876,1258412614.3143246,-92228699.17642105
5877,1079727695.2427049,-140668033.93915692
5878,961659518.6099699,-130031691.26102695
5879,927118786.5325768,-335305612.00525236
5880,913388743.6064975,-380632828.99375665
5881,898813072.0286803,-368372045.22402805
5882,891066396.5868856,-341410542.4310007
5883,887228381.2597952,-283116895.52012527
5884,983973430.4310608,-229964280.93989378
5885,1207251377.950963,-146297926.28482735
5886,1634473973.71376,-284003681.7676214
5887,1717247698.134583,-281144723.64402854
5888,1507460796.2493293,-262298151.60639006
5889,1344755306.3760762,-518518997.10114384
5890,1418123257.24599,-586664046.279117
5891,1447349111.3218942,-609003203.0372056
5892,1461661710.1458354,-552607526.0358604
5893,1679697708.9847953,-604233908.0096549
5894,1666423342.5121567,-661745524.3905399
5895,1691023193.1324599,-291319122.7067688
5896,1574408858.111493,-219885180.48127326
5897,1771181478.8118412,-53773893.738446385
5898,2012453462.1102276,-209758794.4557231
5899,1929757939.0090268,-84722661.02903408
5900,1348411262.0017533,-147677937.36891276
5901,1161690937.6722944,-156307917.06870455
5902,993431221.0395167,-284564561.3384331
5903,953805294.3870313,-396803037.94317687
5904,935953251.1169856,-470799857.89625955
5905,886832278.3959095,-398288532.2150284
5906,849778911.5590504,-345414538.7445516
5907,859286786.1587251,-419874029.7832844
5908,857276045.7112633,-296328482.92027014
5909,1162192129.0510886,-246816129.5233614
5910,1179322787.1142797,-213990488.96079674
5911,1162497729.264175,-226901631.14337322
5912,1155778742.1755316,-438530004.6126834
5913,1160464846.4205954,-104626974.82537588
5914,1247056728.3053238,-230271273.3898063
5915,1228156611.619034,-218778698.2151194
5916,1197936458.517458,-143529174.4735311
5917,1312328294.4614232,-290229372.25660545
5918,1338084118.745719,-287193638.8597218
5919,1321301588.3548248,-342631964.99830663
5920,1418153659.1073265,-348354973.5373155
5921,1421448482.79632,-389824415.73462063
5922,1311309744.240003,-363985399.5534772
5923,1267740538.0122163,-431509189.12902075
5924,1043906921.7897383,-436587659.01726544
5925,907295015.6082289,-306585086.122442
5926,911999747.5833601,-311496237.85078174
5927,850920123.6256312,-363617299.60168636
5928,1008624770.9090029,-347241944.0388175
5929,1012782796.5799867,-347895212.33270717
5930,1005852578.0617112,-335684624.01095
5931,1082581955.5422745,-360340773.5485917
5932,1224597133.5764418,-241342643.28368905
5933,1939765774.854378,32683400.5708602
5934,2277307800.2073116,-161552977.64659366
5935,4301169770.101984,212578066.3385505
5936,4346218650.73701,310760362.5707597
5937,4239987869.3621874,317504739.3554491
5938,4333615761.21331,132360648.1883069
5939,4208078831.3567195,46848701.48246313
5940,4439976936.698604,119444777.44903748
5941,4538365487.648385,130148774.86138985
5942,4548682789.8394785,91373155.03855401
5943,4703537921.622449,91968225.71160717
5944,4292060370.765779,49917898.511327796
5945,3547664216.9288964,-55341592.149729475
5946,3490069944.5100894,-38595954.224288434
5947,3034508991.7824526,-168289352.258418
5948,2996294906.482433,-334231865.900819
5949,1224092427.5315971,-374404228.6237308
5950,1062907382.1917683,-341201758.46624976
5951,1044448531.8281125,-370452610.16893274
5952,1055179158.7467384,-352777992.72088915
5953,1040851622.5920829,-362590111.5939222
5954,1037793511.6615871,-379396129.5509811
5955,1067682934.687816,-352715430.2784899
5956,1162937413.9870863,-224023758.79300854
5957,2414948537.0084386,-164529785.9523804
5958,2802916794.186934,-179409462.6597513
5959,4893483215.653149,123178154.82569864
5960,4889307089.452004,150002165.73949972
5961,4835179826.408669,236185567.49574456
5962,4883222499.585467,189824251.5320018
5963,4663154496.56944,107068325.90789631
5964,4914179678.157823,225527036.97467068
5965,4802397481.756316,210362919.3954614
5966,4720714533.944249,204583895.64639744
5967,4896050327.736397,238683336.63502088
5968,4368207719.5483885,144580329.88831976
5969,3630092559.5102744,-7103039.178879514
5970,3575153562.3759246,-28980252.321578518
5971,3106131910.9583187,-167046105.58329836
5972,3080822976.4623375,-254442200.26372364
5973,1287681698.7826493,-356133813.03237355
5974,1091974549.0954945,-344879120.63285583
5975,985025721.4465653,-340443006.984594
5976,976395107.4930825,-331805025.11193717
5977,1001789272.6407871,-353170826.6615355
5978,1027152157.2606425,-343659153.0060708
5979,1076505800.8742583,-357732792.66485626
5980,1356259511.292406,-328694362.2782265
5981,1967704909.6892126,-51487454.70983258
5982,2218127853.2498507,-122418714.98535293
5983,4379127874.833785,310281323.4042493
5984,4476453590.76991,322126721.65525746
5985,4423788384.870235,281131590.0677698
5986,4550434938.732279,119979468.09047277
5987,4459546729.067481,104548732.6608063
5988,4691597634.515909,182065053.73397607
5989,4729988331.784965,205416849.09461978
5990,4760456268.843097,166428080.48547027
5991,4914199008.8211,190604099.65121084
5992,4513391237.227058,116590184.14700738
5993,3776923071.6668477,-38683978.125803635
5994,3724743988.015276,-21922335.85463256
5995,3178580600.9227376,-125710517.91391718
5996,3124144047.2669625,-175818669.45413956
5997,1324774781.3458784,-319191418.2658873
5998,1097693613.6927853,-294318482.5906297
5999,1021891756.5829355,-356848916.29840195
6000,1019766086.5556239,-349936493.88354725
6001,1025573720.7373859,-328062918.0921505
6002,1026279817.1469212,-334812387.1686631
6003,1046916530.3287377,-296036767.3458272
6004,1184694251.239181,-257086554.6604819
6005,2371392862.2449465,-101829124.20366138
6006,2754051601.287679,-147644473.73693177
6007,4793114809.383823,138254248.50339273
6008,4672681701.832393,247944396.7857584
6009,4516142693.544652,280389570.4021045
6010,4509368877.665622,177834450.4342931
6011,4317194099.159145,167203200.04798636
6012,4467194554.5266075,169863558.79047462
6013,4395070048.572017,248937393.6912811
6014,4346267856.061716,250641856.51152995
6015,4587556490.090516,264446695.90907687
6016,4093476642.649635,195159154.68705726
6017,3431188788.100242,71272.52973943143
6018,3381994446.7253633,-112997975.11244527
6019,2925573630.948484,-254951429.44604298
6020,2882518356.763924,-347319783.35668635
6021,1200916016.661726,-391825686.4211356
6022,1048114855.7186384,-336626697.9982408
6023,1037503200.24582,-372966747.3890693
6024,768585205.2612066,-348051618.43870527
6025,751776666.3415391,-375798061.6427648
6026,747710900.6543796,-374383131.9861775
6027,775677801.3510128,-388935447.0763431
6028,867561364.4412974,-265496838.34161592
6029,2354928409.1316175,-274313050.4280845
6030,2377812048.3194866,-214911466.3105343
6031,3267897491.2630305,72074096.49891175
6032,3231379583.7989573,51715841.26004527
6033,3116558519.263581,-183561135.43617478
6034,3184940740.6076303,-60615751.53803685
6035,3316036466.289611,-16744202.5407054
6036,3381500460.4119725,37636381.83917617
6037,2416812364.414992,-303495519.92628455
6038,2433905767.0180483,-181710451.09357423
6039,2579839797.6984663,16327686.705023682
6040,2410331320.2179637,-442242285.3517914
6041,1611105662.0775342,-142680216.67957872
6042,1414752692.5036094,21594207.655596267
6043,1291778393.5310526,-6537067.3162445985
6044,1082835187.2312095,-90534420.93981858
6045,1034529617.0338377,-225726766.67273647
6046,886460953.9276797,-322755295.07186216
6047,906851640.4859648,-339790466.1609648
6048,908969402.5146629,-334656708.5329254
6049,884516992.1351762,-389391570.9296492
6050,875748427.5392134,-396866327.8558365
6051,907632599.2823746,-350431173.66065747
6052,974849533.0973976,-255628704.2585277
6053,1454061069.0784369,-246321449.7462512
6054,1708471577.0066116,-205017870.7683301
6055,1612293619.202586,-283198372.18929636
6056,1648375180.8764958,-233384118.63429832
6057,1820237605.9442863,-32671436.423133224
6058,1879663755.2585816,-142290292.61997423
6059,2055923730.488694,-252750104.43790257
6060,2225159469.8836813,-273552844.0059078
6061,2286348575.688882,-235224618.3932525
6062,2304133137.370759,-100668081.6679733
6063,2162929495.7276406,123073762.84332317
6064,2194464133.9320846,65186408.072912544
6065,2199969858.300113,-124823004.19616063
6066,2060667826.7235901,-140865178.37974054
6067,1970255151.3754184,-171679363.67214382
6068,1566686082.3988414,-123725979.0433927
6069,1278961812.311485,-162412847.4944529
6070,980919361.3665231,-73282463.71310003
6071,881629693.9747323,-244846140.05804604
6072,1171040125.0997915,-245969354.14019042
6073,1103237296.4541585,-220401684.36619717
6074,1022853369.2143383,-230584813.0720629
6075,1078623211.4363513,-225443053.27115855
6076,1296062419.979945,-238377474.50206962
6077,3116950360.59488,-98035366.79538235
6078,3620191283.9462404,22020505.228223596
6079,5721136986.542682,161927221.98402783
6080,5642954997.5834675,211040557.94307634
6081,5363968187.297527,230452374.3730893
6082,5394953834.664891,235586132.00112867
6083,5466055880.332081,207853874.467148
6084,5636018276.932999,267664660.6062048
6085,5607936622.389818,248904657.5295606
6086,5538505800.429618,207232614.86471844
6087,5610826029.349893,222147210.14459124
6088,5068846951.040397,144674901.02217907
6089,4341318986.596056,-31903227.828091487
6090,4335556779.472996,-52190190.98143326
6091,3927065113.1594853,-171160677.37643856
6092,3892730164.779346,-202102169.9644217
6093,1583241916.8294816,-189738085.41770828
6094,1342948768.0261455,-139097425.646832
6095,1136152846.949824,-177607518.82460132
6096,1171842347.6258066,-271665058.68002397
6097,1144948474.4743752,-345324332.432255
6098,1148073188.326527,-374885813.93615276
6099,1079343717.9766934,-404190498.43810946
6100,1254520824.5966625,-386807596.5645088
6101,2666137677.7680745,-174103294.57998386
6102,3086973466.317321,-128673504.28475524
6103,5076795192.580184,151023533.98518023
6104,4981912564.949052,225441559.2190671
6105,4798039647.320364,278141687.29729486
6106,4819983464.806343,183495624.00116318
6107,4633345032.195859,125147780.55588378
6108,4967639154.651573,155962329.5834173
6109,5062998370.999146,193134604.95220768
6110,5135970219.005175,176057240.58799863
6111,5299009602.15322,152175119.4074824
6112,4877170596.113199,115061769.12978892
6113,4146604378.601548,-65244644.805319585
6114,4122187246.682543,-109990613.05571938
6115,3725541114.275518,-127389519.27505007
6116,3703920118.866273,-116819376.39062163
6117,1502447476.5949688,-287651217.6535487
6118,1264025360.2635894,-185269963.07798636
6119,1107410610.9224617,-307594087.3736947
6120,1083824741.4577134,-288421608.65937185
6121,1106804682.4953644,-260368900.47566023
6122,1122014927.0285902,-289249469.815771
6123,1114777702.430808,-334437012.5142677
6124,1205432714.003158,-340101823.43244004
6125,3000785068.095184,-74013571.3248585
6126,3480380888.875514,28492444.40037209
6127,5609972492.699541,211698554.79365897
6128,5490636927.489014,215957893.16862997
6129,5293914390.779884,294541776.8490192
6130,5252403372.9912405,252416156.47678262
6131,4953923346.122998,117291829.21321738
6132,5073216911.074223,224571141.05243126
6133,4906484316.840364,176007408.8751574
6134,4825071295.380973,159736809.02979425
6135,4905523758.608777,181322306.5980503
6136,4415534103.784105,162195658.51013616
6137,3698692843.9160914,-33058450.601695918
6138,3638197181.7226443,-114191753.80985387
6139,3061622004.362129,-163780491.58411053
6140,2947286095.541692,-239152957.7997159
6141,1206035127.7642052,-410677350.7505973
6142,1050759817.6549038,-357505094.4733335
6143,1013355687.1462098,-382866162.69335717
6144,1005190414.9778066,-369455975.91210777
6145,997144641.4551187,-360289850.63035977
6146,998406055.1006248,-350359881.5751328
6147,1099903284.2387025,-372154163.10813975
6148,1333474809.9538574,-271766904.51648784
6149,2051386823.8174717,-94208873.22538279
6150,2329869982.458382,-173945433.53346485
6151,4394975152.5886545,326571564.9466448
6152,4422392710.981603,315900303.696013
6153,4378262212.585559,292201505.02113163
6154,4481421922.698825,92170462.444014
6155,4377470973.390952,65144578.53293631
6156,4670026723.097883,157392536.11547416
6157,4741456687.107579,183967388.46506903
6158,4787626394.746094,151277784.84120965
6159,4998224130.089186,163046071.24460945
6160,4640210932.325412,103704503.4235469
6161,3896585841.30334,-60677586.51017562
6162,3833102548.2170405,-94645355.3816565
6163,3382774658.655237,-224879991.28956547
6164,3356549494.6532297,-227015843.97426483
6165,1314206883.4653883,-322298443.74829566
6166,1067087550.2588699,-223929187.65914923
6167,1092932471.3275445,-301324021.1988228
6168,1080835517.9818065,-304913359.4639137
6169,1064270369.6861324,-310493056.3616126
6170,1061051111.3172237,-359104074.1058162
6171,1074522299.0886874,-375538354.75978196
6172,1192797489.5517938,-286934659.4469994
6173,2546019923.6280203,-239275172.80347255
6174,2877820741.987545,-221170620.43149936
6175,4993473707.455399,209935166.88231316
6176,4969060485.602374,270468694.7251332
6177,4818430685.345254,294919697.6493262
6178,4803272985.069483,169207380.61554316
6179,4604301062.088066,123533887.78306171
6180,4966459984.191648,164180561.11579087
6181,5044707697.406005,194898720.33381397
6182,5123605623.839695,182835081.00466895
6183,5278954917.669358,173372147.85665482
6184,4874086652.387233,125442406.01136853
6185,4115614293.9682956,-97388645.7338368
6186,4159458566.7478557,-128834275.21231607
6187,3757274155.3785095,-97062739.05715242
6188,3743344567.2874165,-105939331.17523885
6189,1469498361.0385215,-263168206.03789565
6190,1193445066.771589,-110696259.20836188
6191,1039308859.9292383,-304549624.3336856
6192,886564109.3762603,-304161155.21460193
6193,889977553.0444564,-302825519.8164044
6194,885038744.3103654,-313534609.52058
6195,856032908.3292195,-323388921.66871953
6196,1030291984.1768112,-248896694.46826613
6197,2895992619.868182,-77391943.21441704
6198,2966177249.8295527,-214730326.2156807
6199,3867436266.464062,77023440.41592544
6200,3749198155.727788,28634301.101161048
6201,3614149704.8054953,54588985.053716995
6202,3553861232.1757226,49217344.650508486
6203,3550111478.899824,75306610.60124883
6204,3515679558.6866865,90066254.71564446
6205,2533608847.004023,-94106299.91865847
6206,2536572061.9511566,-129759617.38361634
6207,2664568027.909944,10351882.250506308
6208,2434525226.90944,-424713161.95583904
6209,1637934513.907032,-174117116.5149325
6210,1245590058.1624713,-13251617.820255231
6211,1133070836.2901852,-114415814.65007438
6212,1002518214.3796502,-243643631.71751198
6213,942255223.0787432,-236413304.7988379
6214,763742346.9102929,-333305068.7889978
6215,807071149.9802288,-425013607.17340744
6216,816116845.9942696,-427919850.8639299
6217,822180347.8645042,-419082542.13990813
6218,838342891.1640993,-428820459.0463747
6219,821452460.5254563,-331236870.8385209
6220,893365515.3837868,-224930914.2077974
6221,1164114124.1807766,-274131910.3332309
6222,1363917441.4164271,-254004263.16692904
6223,1395579837.7318048,-303153608.90387017
6224,1368161400.6723442,-271777816.57039464
6225,1270380227.9494061,-140235916.60444593
6226,1240271314.0283267,-205591844.80383003
6227,1474345085.522091,-146758414.95969614
6228,1618886429.7800183,-106763554.98033571
6229,1717403749.3072228,-145187079.19711077
6230,1683629214.4288275,-147056677.76648316
6231,1489959340.917816,-93252249.8328829
6232,1749985582.261398,-172806215.10559046
6233,1735939746.590686,-142974114.66480303
6234,1450079479.6431856,-44033066.950938
6235,1363571071.0771554,-32569590.586669356
6236,1116453846.6702673,-283447894.48863286
6237,1014684933.8464897,-238883793.8033471
6238,838199844.255846,-282611303.68910825
6239,846879663.534035,-440226465.2600673
6240,1086947697.9768398,-418077178.2399577
6241,1064993863.6926174,-378943643.0489774
6242,1053778037.1257269,-394496229.7472703
6243,1063644231.929245,-394936349.2548463
6244,1247831009.2362378,-237210612.20429787
6245,2443371992.825025,-269907490.5307618
6246,2750114823.844571,-141992029.81318718
6247,4786250402.987343,267380947.2046269
6248,4750388156.47498,256591835.77180114
6249,4770734558.241031,185517991.32523137
6250,4845244775.57734,163106087.54109707
6251,4714186217.488843,85292231.13140072
6252,4967005811.829282,161830104.70425692
6253,4999733327.691249,151270146.40347487
6254,5005174733.670554,148587236.08291245
6255,5182079122.921016,153098279.16800126
6256,4694934282.730904,102494720.38040824
6257,3940650263.977635,-62771973.390029
6258,3911767792.77486,-109735270.99429925
6259,3484057800.697517,-211602931.56597954
6260,3391305016.7596307,-205680596.17560568
6261,1318561203.2352896,-318761483.3419577
6262,1098764180.9717522,-218940924.08320114
6263,1075016461.1353805,-286399241.3353036
6264,1033578021.2006786,-329832125.76558
6265,1031517196.7619978,-320818769.2385278
6266,1016789691.6108011,-329125752.142677
6267,1038709785.1009393,-312046932.8379471
6268,1177413620.5156758,-265750725.46251512
6269,2351862741.6691136,-174034912.37550098
6270,2685894933.6374173,-118571124.77780014
6271,4712565341.373027,264788243.19636104
6272,4665685319.725718,227534491.15839955
6273,4653398486.546604,163594220.08586317
6274,4725425240.851666,186500076.17684725
6275,4700448969.49736,107170535.4794904
6276,4937969749.720102,133305268.32150926
6277,5006928200.563123,131691739.28381743
6278,4998356281.532682,112125699.15858774
6279,5169926462.118379,144458114.88456312
6280,4742845507.397414,63193867.02952304
6281,3941169204.419984,-62347858.22818304
6282,3874980672.8746533,-110835206.02810901
6283,3382570676.2243342,-190255316.77289265
6284,3327080645.3532624,-199459997.9784448
6285,1341642366.6551936,-308331014.74753684
6286,1093132983.0257227,-234040296.8092298
6287,1024668518.4960928,-261468108.03920954
6288,1092743909.493938,-306579266.36035836
6289,1125944147.9396899,-319547151.2232504
6290,1056461484.6552448,-289314942.139212
6291,1056932625.6393075,-284221195.3754978
6292,1218945199.1007147,-337058087.86269134
6293,2752641693.0015416,-150921727.2602869
6294,3155567138.7576303,-93488677.66753116
6295,5172641893.108955,111629200.70582639
6296,5262718214.916099,128802954.8795459
6297,5182721252.408433,231834204.13282585
6298,5202294779.109989,196641011.60760653
6299,4906412090.453028,79233131.33206111
6300,5054046516.568653,120772410.67437002
6301,5173617915.871165,87856563.7995088
6302,5212713655.14994,83750721.64949405
6303,5423207356.377939,151071547.02237034
6304,4947033019.064395,77310791.16880563
6305,4186237729.986065,-97940068.19126259
6306,4151262585.1848364,-146974473.62705162
6307,3661101864.97349,-269894396.0660736
6308,3663112297.887673,-282123898.61460257
6309,1454002901.3553019,-296599829.3274203
6310,1207801071.7212532,-187645153.47837582
6311,1096184064.6241174,-238674282.36833572
6312,1098955906.0048041,-262701170.13068277
6313,1102096435.854183,-281021781.17001146
6314,1117744959.2438996,-272890846.06889266
6315,1129234402.5628176,-299156159.82266337
6316,1237308977.747706,-313574620.38490504
6317,2947138215.967619,-64728140.920395695
6318,3382202207.4222703,-49899387.131256714
6319,5462183245.544394,125843605.86001012
6320,5419189038.682461,149421644.4716557
6321,5255361315.939299,226577140.29563922
6322,5200018329.909113,253575744.07194978
6323,5061041229.208954,112067137.80262102
6324,5205757603.836194,244212474.34961817
6325,5189906459.9486685,223836032.35424027
6326,5152474387.844873,200150328.1440472
6327,5280777974.949726,179878641.866175
6328,4996027288.074352,197989014.00023186
6329,4217788272.054387,5451278.840943185
6330,4181778497.434558,-97063466.52741288
6331,3724594526.8414807,-126552201.005265
6332,3700081752.0725775,-194159649.66076103
6333,1504178449.624815,-300626377.21904534
6334,1269149919.0984466,14418077.271326182
6335,1109929572.0808187,-58557010.70094583
6336,1094276303.8919337,-273057436.7585371
6337,1072263071.7514586,-281840185.2130247
6338,1078668199.161797,-283986949.9516309
6339,1097466039.0660188,-252251059.8392296
6340,1194331289.8162098,-267883668.26617268
6341,2997474428.4089637,-138575829.4700849
6342,3400858582.0179615,-52885652.550429374
6343,5414595018.687919,173515459.4979647
6344,5378910965.744314,148081644.2518954
6345,5262601176.536619,273186887.35332775
6346,5150872754.525683,249499728.20261374
6347,4859284987.7823715,120366846.0041657
6348,5076337231.593811,248795900.7256224
6349,5103582922.816892,240471458.5352222
6350,5197500774.617176,230670251.71609595
6351,5400483107.295458,265396408.33410242
6352,4913875132.344551,184193267.98094067
6353,4083708638.828901,94297221.75045767
6354,4014524634.292093,87213116.35413529
6355,3615793030.8507085,-81812779.98720932
6356,3505436020.549327,-111662339.7142477
6357,1456068646.3264532,-398237609.29679644
6358,1202955225.9041965,-315559159.25542957
6359,1114214301.4629211,-376570635.05936927
6360,784347779.5642606,-378057584.27174175
6361,766775855.1784354,-348894029.0003135
6362,781691043.4967262,-354459176.4928034
6363,787528552.339917,-281240749.71840876
6364,869254906.2777063,-274016970.0320788
6365,2484363894.4380174,-218252737.21680957
6366,2402458292.5316553,-217898459.1999674
6367,3005238062.1144514,175291941.87399873
6368,2909200647.0191183,182411329.57795322
6369,2742158147.106262,32085056.281634983
6370,2882987740.414962,-35961784.41117657
6371,2984416916.831638,-75265547.6431036
6372,3069513571.911854,-109811655.37164715
6373,2223693854.140644,-141277654.0174192
6374,2266538687.695433,-131293852.16291845
6375,2325591052.2752633,-123828552.35011703
6376,2160659021.4590507,-194732896.2260005
6377,1411721995.9683073,-146052041.33679318
6378,1333590969.6668248,-223171891.11801434
6379,1261294816.2089953,-195520746.51807454
6380,954973569.3822006,-265395719.97541252
6381,914642776.4532977,-222699762.91897827
6382,894720946.3461424,-298270828.5156882
6383,814470576.4162393,-299149612.5903193
6384,855990029.403404,-350741075.9916118
6385,867291438.0886229,-457566446.388301
6386,859592562.1051142,-490305517.9898714
6387,930811646.1517836,-363347408.1350571
6388,985245212.3414158,-330773472.2826103
6389,1058729674.390902,-454092775.89462274
6390,1060214620.7972168,-326570149.11769444
6391,1153023243.9919796,-284550011.93322396
6392,1212387710.9170892,-221554724.7290202
6393,1201495760.8267477,-192533753.62864143
6394,1429919179.4445074,-278301042.3959053
6395,1552691560.8524659,-293729231.6796602
6396,1629522160.7152822,-259442830.8340995
6397,1683620076.2970965,-260713721.37911648
6398,1739153908.6938217,-209252475.1544456
6399,1409841122.4314094,-51160093.092627294
6400,1636675209.061156,-118718801.24067274
6401,1583922004.7102435,-103129841.02935705
6402,1441807010.1602435,-25513129.060244314
6403,1414393845.0998588,-94290349.89455388
6404,1184684058.7076347,-201877381.65394074
6405,1135103719.133765,-307167062.3308069
6406,1069902797.7652797,-531656382.53472215
6407,950160234.2261107,-530138152.1011501
6408,1114161932.9387693,-576995966.5176542
6409,1081120205.9318929,-582611309.4581156
6410,1083269775.6883473,-543047839.3432056
6411,1156386779.4022593,-562592055.3606216
6412,1242852133.3091717,-360236017.831086
6413,2479894645.0882664,-73676025.12400682
6414,2806924919.350866,-161347831.033145
6415,4792413018.4402,177206279.86438918
6416,4670450591.823567,310315150.7713606
6417,4623223672.637078,335122614.1231771
6418,4682129124.176,229733270.0206284
6419,4527694873.652571,172357326.84331846
6420,4906808720.516821,236729715.2505658
6421,4950438730.46728,239654509.4327299
6422,4882869978.580607,198609909.8675312
6423,4930722859.790681,239571577.8230379
6424,4407394137.211265,134838775.63055092
6425,3626676721.4758315,-30958243.959758896
6426,3623253788.209299,-56405881.14077688
6427,3098233138.3431907,-104228321.1226459
6428,3066820371.184046,-126543471.36213952
6429,1310246206.293137,-241910797.55710533
6430,1101735479.6508017,-414911227.66645235
6431,1106905201.9444072,-473657361.0793315
6432,1111764052.0258505,-484021629.88005084
6433,1111683214.7066903,-488288970.42788684
6434,1118329975.407997,-529605643.87049615
6435,1167050451.9326243,-512661406.5639506
6436,1310166423.373792,-399365915.67076397
6437,2171561691.280846,59304083.54686379
6438,2404601975.2224755,35138248.96476962
6439,4130260346.733773,170899476.44136426
6440,3978662343.8464055,143287615.2354891
6441,4150292185.8883076,249539011.59667838
6442,4300852483.62428,274534162.27569264
6443,4172950359.2490396,246486546.3838042
6444,4413407555.090281,247924027.61846563
6445,4464673572.435271,288796216.7319362
6446,4480804835.207017,270097321.1571703
6447,4661379941.680569,299658802.661068
6448,4137663375.702485,222191585.83047906
6449,3390894196.231659,-15815950.488363301
6450,3334402793.0694885,-124416348.32056563
6451,2934036507.464709,-223446874.87646678
6452,2798664663.3324494,-210172725.03392267
6453,1231990936.5467713,-298019851.2758308
6454,1084409933.355113,-267183841.8756138
6455,1092464669.2762299,-318204968.5927087
6456,1082247359.334272,-294761511.9792475
6457,1067828793.3289096,-290793889.17871946
6458,1070822937.3372872,-313162872.21748686
6459,1116104664.598155,-329028998.59803635
6460,1321384183.0070102,-268040801.84243122
6461,2092243937.9874294,196118324.22546875
6462,2514490293.822698,-40582675.50559429
6463,4644538364.900027,280634727.8798782
6464,4507585536.111624,339176078.41443896
6465,4394428358.417856,355258627.1974742
6466,4430804449.106793,223136569.69881165
6467,4189425268.4938684,166543748.25688282
6468,4271808601.383138,276715118.11654025
6469,4336089119.579662,456881857.7616412
6470,4478809910.756783,433412939.689064
6471,4937352574.361644,425935272.88183486
6472,4521172180.662845,245045427.7978405
6473,3871523932.9140487,47964640.862002924
6474,3840108090.4221096,82548940.77922043
6475,3434854101.5242786,-69574547.79555483
6476,3436964658.487573,-49357421.78721686
6477,1450101797.772606,-446962112.4016311
6478,1130594754.057644,-292284475.7423942
6479,1083941076.903983,-392334188.13319445
6480,1078285276.2956007,-383128779.45738184
6481,1086407142.338281,-376094869.50903094
6482,1076841978.6819837,-365711686.4815397
6483,1084814822.8841248,-371177170.5483471
6484,1353577293.8960059,-274698609.66612625
6485,2382436470.175365,-167392381.4272755
6486,2715106113.982561,-98399101.92561044
6487,4736443718.919825,281178148.164439
6488,4663414581.857174,421217628.24277645
6489,4436711899.804388,454693627.218189
6490,4339796740.796281,417231454.95060676
6491,4064401479.8806434,413197632.35637724
6492,4268924114.9555345,421328203.7223658
6493,4187686563.1987114,502725942.3701996
6494,4083539363.7252464,500195800.804333
6495,4298119039.970195,561213096.3703563
6496,3760655176.2523904,302798564.30519694
6497,3138117656.550338,136465035.3978007
6498,3029544350.252891,20946759.12379026
6499,2562146968.8005056,-100646985.03042008
6500,2491698299.5520945,-200576664.82824507
6501,1208400322.2828548,-436507637.2886152
6502,1019340460.4969145,-263676707.74995452
6503,1016654376.9678588,-316342644.7259409
6504,1005397780.2747831,-472350097.02129173
6505,1012964504.8147949,-505714065.57659394
6506,968648080.5846828,-473284896.30597794
6507,1024617380.1050587,-482109110.5653115
6508,1299458290.317889,-400825948.4834996
6509,2292447751.4195285,-138577284.41060582
6510,2636134994.62837,-162829687.95369428
6511,4755306228.679374,249659771.6599141
6512,4734860713.330702,351098224.77792525
6513,4600465507.027211,357268627.5271146
6514,4606150127.897207,275217256.850261
6515,4406901293.164341,297861951.1177413
6516,4559446191.019025,304303700.2740808
6517,4520622135.42595,341397408.85474193
6518,4516463231.088453,302057272.1097921
6519,4816543661.142768,330410425.5110721
6520,4412764195.469746,187855717.00720736
6521,3735753525.651668,112212995.58984248
6522,3703751876.1957703,-35230676.7994181
6523,3254890634.810157,-173420927.47567594
6524,3242470859.387685,-255366087.49450302
6525,1396504194.903073,-438183728.7687063
6526,1075962433.5028589,-424957591.9633523
6527,1021766107.271632,-380516433.75208366
6528,803057401.350616,-426591490.1683369
6529,801884908.7561862,-440331220.977573
6530,825353739.8414547,-440766248.19332576
6531,862832732.7370232,-376479701.27681226
6532,927860908.269129,-333577142.6664085
6533,2548726919.420076,-163806680.51348695
6534,2663302396.6651773,-225963921.9776452
6535,3584585080.855654,66044459.245120615
6536,3569953526.087634,102077879.92116685
6537,3640086754.0580173,67871500.80425633
6538,3705420793.4031634,109764694.42827718
6539,3735664253.1339865,86618045.68108213
6540,3870225241.841745,108528722.45576212
6541,2955280554.940043,-70757414.43905659
6542,2926719851.4141865,-88181054.6472428
6543,3085580648.0948534,-22054007.97177513
6544,2984648709.057665,-300018212.08130395
6545,2093872634.2352076,-94710100.2348371
6546,1935930219.793523,-82069576.98915035
6547,1912496183.902154,-96486582.61087112
6548,1461446436.8502452,-101859677.95460054
6549,1340531204.983344,-76139239.42591149
6550,1118854715.049329,-19136852.22734581
6551,982173218.4800208,-81927720.28836139
6552,828487416.092035,-323364915.1501245
6553,767498119.0518028,-336948239.85336244
6554,771632069.2603409,-353052976.47934157
6555,970956161.7800126,-315126314.4504581
6556,1183382929.3357584,79205851.19729401
6557,1222707121.9078128,-226563357.47226107
6558,1233172743.006235,-247635261.03663507
6559,1307695613.1403263,-226264367.1952136
6560,1490056872.9007158,-137201638.14808315
6561,1845567276.9699652,-258498574.43602738
6562,2005733947.8216765,-204609759.95221418
6563,2141192340.6054285,-253332808.11652797
6564,2020850877.971263,-246672090.4117911
6565,2079994096.6684968,-324485219.351227
6566,1773326479.5024304,-327907239.4564129
6567,1677197551.2898083,-31927234.346686542
6568,1843205069.9174583,-176331535.98776117
6569,1776881388.479157,13638229.152117146
6570,1562212615.4498298,-10194060.315557865
6571,1601565628.2834978,21855733.21423027
6572,1468258211.1226206,-34453738.56125089
6573,1336767876.3098257,-103801296.07975811
6574,1178303182.4930444,-384173426.75139695
6575,891698157.8094537,-277520466.8064358
6576,1081670075.4354856,-276977046.521875
6577,926770307.3936747,-215500717.2215038
6578,1193551385.419615,-291287114.01530874
6579,1231638239.8086088,-424737895.9446945
6580,1365470572.3441205,-220915278.37007922
6581,2428634646.608887,53386840.44831314
6582,2762680018.5748806,95278215.39668284
6583,4546357838.247107,24693594.700269867
6584,4305101627.012622,88975049.32496019
6585,4060003929.718322,113850167.41099915
6586,4057685655.9914455,83740900.8009779
6587,4008185450.803526,185317209.53334546
6588,4135931963.3393826,117663566.51631048
6589,4198668049.406688,174377875.49173552
6590,4188862131.1259356,185540906.63843575
6591,4435459184.957356,194058128.4478568
6592,4028448818.5841336,176679955.13094914
6593,3241565964.6796713,157061173.4118364
6594,3165511315.214143,74328163.10093525
6595,2693355427.3960543,-12465949.938962547
6596,2653330058.9469357,-96731740.08864486
6597,1229939777.4397292,-463623363.7768593
6598,936737021.6462356,-478595429.2073081
6599,968156378.804225,-414766461.08462155
6600,997087703.8651013,-413833116.7404562
6601,1009527512.8840607,-438396877.55502
6602,1001841641.1649388,-431429167.4003706
6603,1054476928.4698588,-494628146.27750206
6604,1292322112.3690572,-283807264.7972982
6605,2272076395.524521,123560440.44756837
6606,2698055150.9720635,18904750.102689736
6607,4646517034.019778,107688858.04006544
6608,4458610685.631596,-3563168.891499694
6609,4243908830.8080683,112176258.34168945
6610,4196620756.4323015,83988240.689533
6611,4070148046.739779,39494340.88438128
6612,4259452792.8827844,57540331.90038776
6613,4424908508.940514,184905097.63079703
6614,4345738195.887914,227224952.56257543
6615,4403141830.623478,224277970.53746742
6616,3984656431.062144,96252298.07543367
6617,3327523537.208945,164670512.3362081
6618,3260021563.9772305,76738999.54408707
6619,2453761872.87006,104211186.45995462
6620,2327148752.268822,62603524.913162835
6621,1279441564.2273715,-474622714.11495686
6622,1005203770.7087983,-393920073.300989
6623,1005812510.8687361,-457089953.36770225
6624,979593102.1323862,-435148722.8420831
6625,958915970.2909894,-389177694.6730751
6626,919618489.1809185,-327408922.3280004
6627,1007987034.754149,-156348655.4032901
6628,1229817291.327871,-89363193.82048412
6629,1437457962.389418,802909270.6448418
6630,1797280685.969266,482812898.9307323
6631,3814586584.5300646,389383893.38034385
6632,3657279270.243696,403386968.423865
6633,3504038413.594366,317183561.23545766
6634,3614352193.503327,199022749.24034008
6635,3511580711.205327,72665529.82066263
6636,3704875229.3654823,215042735.58097607
6637,3874899308.3555856,221495396.79122248
6638,3914409767.2449822,209671095.17776757
6639,4061852995.527463,273087587.66277546
6640,3603108513.2079864,140847679.98191905
6641,2897645830.911662,55420483.56141842
6642,2809344415.4599953,-25670262.63650285
6643,2248492986.326008,123544799.83696856
6644,2172061301.0599174,67169855.73804635
6645,1282529901.285901,-456652016.2709076
6646,948920611.5101173,-422474008.4941549
6647,1004884639.0314176,-518334947.1252484
6648,1001024129.8416044,-444333034.8803425
6649,998543127.0765923,-440005314.3008886
6650,967238699.4984527,-544304907.9532739
6651,1002101023.5194619,-358925116.4217439
6652,1193060386.5723674,-181601330.5545058
6653,1464454815.256127,671444482.5265014
6654,1873436997.1503036,260822802.80661434
6655,3829679966.4171133,413016855.99665385
6656,3674187977.1458015,412158441.08931553
6657,3553613140.6858864,266785876.53157374
6658,3690156510.8794117,188888724.77705514
6659,3733515715.810684,97415523.02190313
6660,4050450364.459991,254375233.88819113
6661,4146261566.8616524,169751528.37036437
6662,4196956758.5067244,182401508.72943705
6663,4380704554.024016,200458048.06422016
6664,4089768494.2331085,307277962.43395597
6665,3333037257.442238,39917364.840836555
6666,3103332743.04909,-57568378.61698587
6667,2537319895.020041,80962691.8762957
6668,2413424050.6090565,195571994.05986616
6669,1242233200.6176875,-752008579.367423
6670,1116771923.9478328,-626639264.561445
6671,1195192558.7318723,-471808859.1475123
6672,1207039443.588121,-492371533.529567
6673,1206706604.7131433,-502131274.5438472
6674,1222677950.179594,-540861791.2105348
6675,1187217429.9967983,-599685036.4710222
6676,1226256758.8854637,-470089119.45179385
6677,1562266214.107099,412251193.54752374
6678,1894943238.7130013,214428750.68115106
6679,3885204660.6821074,392388709.29115814
6680,3670757663.0805635,405105980.649323
6681,3571371342.3723855,209921708.68249473
6682,3938492610.4892645,246411616.94697723
6683,3918431423.8732085,27435430.111929245
6684,4233315627.332015,262010761.7419393
6685,4263635948.416029,226171575.62543488
6686,4261738028.7487864,194060310.8586382
6687,4434400567.542962,215114391.40163103
6688,3975341863.0952435,251106710.00796148
6689,3303106449.223265,11219754.271230543
6690,3266957054.4945817,-13252345.290515687
6691,2601513513.098468,-178474663.3750651
6692,2529551252.915431,-118904306.15708907
6693,1310340399.3432891,-644361895.0466788
6694,1080617960.1532836,-592098976.5949851
6695,1090742307.1782072,-532414406.5461175
6696,860266850.7868929,-651817737.7460942
6697,869527644.363221,-532470421.7561726
6698,851391088.8763914,-454991929.13654655
6699,898279545.7222221,-330893504.87558556
6700,955192533.0771437,-116032253.56880803
6701,1495584915.3981645,530719725.4628143
6702,1514212293.9989395,243572300.5204167
6703,2399270051.090642,256827536.13618895
6704,2272309417.8836656,107861632.2269238
6705,2206193277.475643,85731259.43358603
6706,2331979309.2885594,-80357111.99603648
6707,2562841642.545377,-216808708.74980402
6708,2808969752.059017,-111449190.92793404
6709,1905395855.5470366,-198174558.02821872
6710,1937699151.216714,-132727696.0462776
6711,2055789118.7789617,-77858979.12162992
6712,2022725600.8425725,161500924.4114005
6713,1306126139.0154984,9051529.159940869
6714,1144707895.5832222,-136525090.8058589
6715,1026150828.9028696,-298122424.5825551
6716,907947161.8938898,-436557832.7365867
6717,897455180.8000892,-629173770.9488745
6718,859840697.528276,-420392716.0789897
6719,846357032.6923332,-466695470.68676573
6720,845388742.1954345,-476775298.6156467
6721,797318303.1568377,-539209706.2490388
6722,808794390.744764,-177381275.57359946
6723,859282568.5594647,-349532020.4187336
6724,984198720.5248946,-236744303.76734546
6725,1035641833.1055022,-522927466.8795083
6726,1100477580.671346,-542529880.5177609
6727,1118585667.363167,-517658399.78302413
6728,949299141.0437506,-693095855.2648994
6729,687612922.9245412,-79739489.74490917
6730,839311533.127603,-490557222.69998926
6731,920019161.1106697,-285622303.09713644
6732,1010271040.4870332,-246103208.66811433
6733,885795627.6443295,-114006976.363698
6734,806071578.9554812,-239071481.1305448
6735,1159797762.8042202,-228601729.14205933
6736,1304471609.9722495,-181278333.75886327
6737,1263033697.2374551,-290852814.2698164
6738,1025513268.4813181,-379142242.4300819
6739,973531006.1285716,-437376964.2498604
6740,1054480443.1359092,-577182926.3745915
6741,1022118628.276492,-654523927.1149913
6742,996274058.6744224,-513998496.9026691
6743,893535976.6872336,-582384338.7368532
6744,875139511.6459731,-504763989.41643816
6745,861451996.1791043,-464939357.4780245
6746,864158640.5045551,-484186765.6291744
6747,946274067.9741292,-359483813.5817743
6748,981072073.6064152,-179119202.0258293
6749,1054067469.8749814,-148746591.1815229
6750,1117927546.1452205,-527255914.92922264
6751,1131844042.105276,-562600057.5334866
6752,1005250515.7672693,-258175577.64038482
6753,831781712.581121,-282964126.7654295
6754,894429756.2638627,-468010009.4474101
6755,950232284.8801448,-305942002.4121987
6756,1049945996.7309223,-212940749.3749585
6757,992960255.7887565,-122910484.88142131
6758,863713156.5826607,-5661920.592915802
6759,1080448553.249652,-16851868.139252916
6760,953637644.816425,-401126393.701068
6761,902320533.0137259,-539026383.7434038
6762,1030437315.6179973,-395198238.5486105
6763,1048922877.4436367,-582864469.1087543
6764,1142708753.5337267,-596982484.4534276
6765,967999800.4316775,-721731994.5974969
6766,907874408.3066455,-649168291.0575128
6767,915287717.6735551,-740560379.878624
6768,1135473813.4688773,-575430450.5171524
6769,1124065558.9357247,-583278399.6869539
6770,1102665108.8211455,-584987227.3287654
6771,1172622076.2890985,-486794019.0426494
6772,1324100141.1974947,-414169935.47104746
6773,1805264249.9028609,341343212.32033795
6774,2067508421.257579,249902019.256646
6775,3982729778.999939,153224858.99332064
6776,3907703257.220818,211727289.868947
6777,3979828773.641898,138773662.26935843
6778,4184182001.8131576,183786612.10534564
6779,4127924411.8099933,74885405.32044469
6780,4390106988.642178,154865304.43064937
6781,4548804045.818219,98783530.846691
6782,4595269424.738227,165340148.71095803
6783,4809336838.4063225,110238277.56783415
6784,4407995496.572496,-80691748.31584632
6785,3737283613.550068,-398673.25851526734
6786,3666444992.1033597,-79345200.86374192
6787,3114094035.429006,-236414032.26909834
6788,3065906382.2776265,-268129553.21420687
6789,1413477923.1271117,-283759251.7601081
6790,1159084637.062584,-379507432.50083095
6791,1133384871.701793,-507029331.80749875
6792,1158235493.7447956,-497669699.43646944
6793,1179350904.4426832,-440973577.21755576
6794,1188495186.8394392,-428378157.1280173
6795,1207896319.1712203,-507879017.0717116
6796,1441877127.74795,-210865276.72187695
6797,2480839387.322627,79229857.71588907
6798,2980671337.221674,-146759142.4299566
6799,4884055475.439424,45089314.657549836
6800,4754005099.307498,86925401.86612487
6801,4544594969.622852,133879242.35700919
6802,4240525261.801301,10010334.963222127
6803,3751268996.9647126,188132883.17644116
6804,3579636079.5900164,277421128.004313
6805,3560850541.016971,304400817.5538517
6806,3562305964.228462,446407377.21646273
6807,3688590727.153937,709246747.140847
6808,3237659589.0978994,546091535.8013837
6809,2582712597.8614516,547729071.3576707
6810,2487521470.417741,500516615.18919414
6811,1957198166.9980004,585058116.5675894
6812,1923141052.9691489,615348523.2724642
6813,1087320076.8448849,-52147997.7063268
6814,940678016.6886041,-275889478.48249304
6815,1002225969.8975554,-253420832.01804316
6816,975009274.6693906,-133367142.40521859
6817,968959128.5301476,638335.5977650315
6818,1008113562.7319651,-19581336.556484543
6819,1045410144.4595153,-44148734.72235053
6820,1103356267.8999662,-233148418.2699105
6821,1332956572.4447188,1379026069.7969494
6822,1779381897.640749,1390613943.575756
6823,3727715462.427628,1132668993.5637212
6824,3536300950.1211896,1080798545.3175437
6825,3357787711.502803,866357408.0861796
6826,3398504414.764045,651562356.5731035
6827,3236012001.5201,509546703.5322368
6828,3379095506.233627,509103674.143619
6829,3495306225.7920256,326197645.2327703
6830,3547423110.8378353,205535426.74707413
6831,3682367132.2451043,218191226.86823046
6832,3375399351.614998,174426252.26405585
6833,2747334810.8653173,-33185757.89727575
6834,2679893817.089578,-41480373.806997225
6835,2158993069.7511377,-25206136.610331804
6836,2034295178.5474405,-33976518.070391625
6837,1203207578.9266188,-125916391.99762629
6838,1022823494.5529095,-260430007.97753856
6839,945255869.2193141,-222741956.19408473
6840,957813068.0843585,-174939157.90924802
6841,941152848.0720198,-211864093.3894833
6842,945871287.2447476,-212495537.5755593
6843,1014997211.9250721,-218094876.1702906
6844,1150966988.6191642,-126229204.20962244
6845,1387321954.1129723,1208659082.030454
6846,1754154854.8637433,990983248.2859713
6847,3721577273.9038215,671763114.5005813
6848,3594806959.863477,606641431.725064
6849,3428180321.827709,605632430.4738114
6850,3416575948.9289412,529475387.58230394
6851,3256223879.443069,378686079.4652053
6852,3450376843.802715,477083706.8945096
6853,3595753986.6307707,292678725.5119909
6854,3669865992.3035645,225586325.80089787
6855,3686499500.8539195,216516226.5935301
6856,3396606143.6301975,259157623.38043013
6857,2682267622.5400515,268400133.03952602
6858,2604399141.7925377,158854387.60386088
6859,2014785267.3013978,184798886.97277045
6860,1924412307.6795964,220618067.65711233
6861,1127753498.022461,-143900184.30636376
6862,1016824662.5380031,-348248035.4090284
6863,954987628.0464025,-283511184.40129256
6864,757639129.3136882,-297839438.65123767
6865,754169450.9886848,-341561856.2451756
6866,752502093.4143518,-304853706.90255624
6867,817772253.7040311,-266978695.2621652
6868,960243459.6582439,-265179661.308057
6869,1362870070.9333932,1171495900.0399191
6870,1438919360.5331948,999898032.5927317
6871,2265320855.9089527,858735338.4322499
6872,2121968171.7092872,874155161.8080095
6873,1980244535.2240047,726003297.1201948
6874,1947413160.9802475,373935698.6644264
6875,1993700785.6647542,248656953.90587527
6876,2042777122.1269894,116149337.16917093
6877,1153252927.4183764,351089131.3996695
6878,1255804556.371589,316348061.64132375
6879,1492223840.25412,281380748.63197607
6880,1363872102.2243762,168668325.15254512
6881,1123062473.2449267,-305461144.5700372
6882,1002896919.6465861,-240033924.28512836
6883,1026262595.2832739,-173232512.6782178
6884,1022356922.6347125,-264711897.9305837
6885,857052512.9504547,-549257525.4864596
6886,777049224.0438981,-449338030.27228105
6887,789299944.0293432,-538063213.1185598
6888,759743359.8780919,-498137462.81394273
6889,772338868.6030862,-470456491.9333243
6890,768499447.4095757,-375904999.7710519
6891,796362313.9911156,-289686679.44230515
6892,983973430.4310608,-259554133.78394932
6893,1048224689.032715,-371240460.46100676
6894,1112462767.63668,-448737867.3074047
6895,1113666189.2923536,-432533467.2557431
6896,930281634.5113759,-397335546.17383075
6897,767104827.9207575,-271916763.3901418
6898,842952727.1558683,-121435902.66347662
6899,912410436.311355,-118945771.96193507
6900,914695320.710752,-224159795.73171383
6901,867744830.0091308,-183589506.7763326
6902,978522183.3868144,-317547335.4772563
6903,1152378654.2383273,-439613207.8305027
6904,1290938915.5449028,-383066944.4852431
6905,1221188786.1740186,-195418173.21135023
6906,1143877379.995501,-310518517.8207286
6907,1113512774.1192515,-437890558.25374246
6908,1193345250.2557564,-332998076.33908534
6909,1091364403.0691366,-332762375.97469753
6910,1067721068.8144634,-428649503.53516746
6911,822006020.428402,-244601710.05053276
6912,937126446.6446254,-71510346.15862875
6913,909331413.1178591,-74739586.64479378
6914,908894188.6611832,-83297546.7888004
6915,1056172403.3725953,-89004550.98207921
6916,1208884994.7312117,-158114953.19567773
6917,1396673426.0734022,749972714.7319658
6918,1763395614.843584,682494392.0477008
6919,3713736405.411875,570361398.6307232
6920,3681302012.6985154,510983821.031768
6921,3549793577.355561,526955430.6000837
6922,3528064857.4318695,463865572.26202065
6923,3333012039.713326,317072258.2856079
6924,3533974416.929095,457367080.42536545
6925,3655647762.2630777,276524520.90830076
6926,3679640630.0564685,293855772.393409
6927,3725519674.81261,276702023.6518521
6928,3445728873.6842985,294023818.0235744
6929,2723537534.237634,271195073.7801987
6930,2648852462.2653146,100817901.43005672
6931,2066795646.982548,29443611.765918557
6932,1962028724.0177374,59451396.27460617
6933,1138914320.065662,-221263009.15457729
6934,962546620.3211032,-119783090.23172015
6935,942158394.0290533,-170234607.73487782
6936,976476472.0121505,-52315315.866231725
6937,977721542.460522,-40354977.3140715
6938,974602452.074051,-83938448.0882623
6939,1090287157.924674,-106926508.3186779
6940,1226111778.9108827,-232580991.46675467
6941,1397747156.5518143,871803977.926215
6942,1772788559.863409,584556889.558135
6943,3740913912.113577,436086029.16111034
6944,3598239206.9950433,537491746.1174009
6945,3409393377.3882437,492986570.52321213
6946,3442488351.5857844,302431555.5587968
6947,3293900132.970719,134084025.23532762
6948,3566049786.5054,306238771.1668943
6949,3705519116.1859245,386605320.7205314
6950,3728584112.141997,413297295.7820597
6951,3838427970.216681,391114181.39483887
6952,3435002464.364933,334612657.47059727
6953,2803234519.9978943,197959187.71955314
6954,2696198265.03096,44988196.29134642
6955,2063430354.239243,58276895.53909965
6956,1966904268.7629204,149661709.65760624
6957,1164206032.697996,-400283983.1394597
6958,1023574930.1544955,-248062286.07952288
6959,1016361956.7524614,-111415727.29595305
6960,1004545122.2909442,-57840452.494396485
6961,1025827655.3595308,38421685.98533863
6962,1046240308.5806314,67748194.59510902
6963,1048042102.131394,153360532.19689572
6964,1234417989.187909,39328841.40012749
6965,1417496416.5558925,1420679198.2350197
6966,1744049135.5688872,1147682161.0638857
6967,3728897620.353697,844371801.8746727
6968,3600148022.127042,859878557.9465568
6969,3394323543.7637334,544670422.6475827
6970,3422035806.9050117,403340046.59206563
6971,3298853000.369012,35985751.81820107
6972,3639250439.2713127,211187143.20055827
6973,3863451338.096063,270085681.633003
6974,3931458006.3892903,255617025.62278986
6975,4194448692.813124,337546908.7661473
6976,3717129727.616932,226360354.15802327
6977,3101167357.2954082,198413856.63233826
6978,2944556693.7535644,75407001.49719179
6979,2348933531.116018,-42667605.27206173
6980,2158248312.0150476,-28191674.559244007
6981,1170014545.5462704,-345878664.7707226
6982,934030728.7873899,-311240168.31910115
6983,947863751.4287473,-306126052.3880941
6984,935454168.5378218,-260194307.61315075
6985,952321402.3805318,-272742442.1357596
6986,960046638.3594187,-296836257.1620686
6987,1103564863.3300605,-376377127.97008795
6988,1267296284.2234397,-285366233.56545585
6989,1459646049.1659029,720762601.3638684
6990,1819428881.2860782,452346444.42282706
6991,3741259755.252941,476732338.75870925
6992,3622692144.574437,368513135.342986
6993,3447573370.427574,409480986.79570657
6994,3654135401.46157,192217992.4240329
6995,3766047113.3070354,86770814.43577793
6996,4158502445.7821565,399838004.7582295
6997,4254686905.7183757,273498244.624803
6998,4317237417.418218,243912756.6023102
6999,4491834472.339886,277727029.24883485
7000,4052387384.787045,293806668.15082824
7001,3392577809.136475,-398673.25851526734
7002,3353384977.2080564,-20229512.558551006
7003,2741027918.371089,-113597410.60706116
7004,2600250166.386634,-159914714.62004632
7005,1296518096.4333856,-373979385.99162436
7006,1130060876.2845807,-427541566.3284927
7007,1116586349.5803692,-558737190.4504642
7008,1119523907.4653344,-538291638.780343
7009,1144641468.3948686,-546514235.1342794
7010,1116691086.6286726,-561372815.204097
7011,1147423326.5737991,-397271528.7909106
7012,1240834012.0630038,-492292239.27117723
7013,1577047493.6488676,419376037.27843165
7014,1928981725.0117853,318959679.8763614
7015,3863772402.8397717,356313822.8102659
7016,3672704524.4725585,448766199.53599197
7017,3511003427.306541,418440146.78835475
7018,3570330298.2882423,318159098.8547294
7019,3600453095.140221,188510803.97674814
7020,4018990237.1758165,247067431.38677847
7021,4162387557.6343226,387311694.3434344
7022,4198987532.550674,350735217.1179576
7023,4336035960.255649,311280140.07185566
7024,3874256563.80161,207562886.36296552
7025,3072373455.677104,104150806.42833675
7026,2808272090.848003,18606487.295902696
7027,2094466612.7977333,158936591.74329242
7028,1998576330.409937,376474206.1382883
7029,1165473948.4756954,-595993852.3694676
7030,1005846251.6628205,-632807484.8998531
7031,1131530709.6268785,75220405.37538476
7032,872228489.4896886,-84354561.07724324
7033,910296013.2154049,-75662018.93505223
7034,824115874.4584866,-205145905.5341704
7035,1005600576.5058941,-156948090.89790598
7036,1268108875.0143034,-105224227.90921041
7037,1539738962.056746,588141499.2665329
7038,1630884093.8098311,298978617.9675415
7039,2668912243.0149503,249817268.97130287
7040,2593892047.6347203,303748640.4653528
7041,2544773095.8466234,102139351.1581754
7042,2591054833.465495,171949943.497463
7043,2725135828.624076,90551841.11449897
7044,2749430869.831154,51114950.82490846
7045,1808951837.522992,256829718.5469703
7046,1892081246.1481206,290786575.36454433
7047,2248549572.44942,258642938.17115736
7048,2132684388.4971063,393676331.6521656
7049,1374302049.4623864,-235527246.02160227
7050,1106058167.426249,-200876382.57555303
7051,1204050220.112214,12695063.959435696
7052,1173676651.8375359,-93554877.46123268
7053,935809501.2755221,-39965780.724727444
7054,978532375.9183606,-346809826.70410657
7055,811824735.8134612,-397087478.8150152
7056,827989036.4460814,-331717728.6806824
7057,847484537.5613172,-366394781.0561081
7058,883020271.5975925,-417364257.3847106
7059,646165169.1248056,-1003269532.6263865
7060,880382690.460033,-694941447.3156767
7061,1252944848.339641,-160437038.26705387
7062,1242074513.4455097,-51101895.4717908
7063,995009130.3628658,-409134386.3281697
7064,1060214269.3306117,-311426400.70577794
7065,762965605.7131437,-262996523.056428
7066,814683916.6455015,-139323668.89783388
7067,944681221.3200656,-198184742.6118651
7068,958911752.6917288,-332723092.58063287
7069,911900985.4673425,-186338616.8905965
7070,804850935.4361602,-321083568.41333383
7071,1025618181.2629241,-424257765.5727934
7072,640477736.521969,-744769522.8056234
7073,617602532.5326213,-943114289.3190037
7074,655670583.458245,-1076800044.1425169
7075,500753593.55278707,-645050809.3833308
7076,805901469.1186393,-284413974.9945187
7077,862319942.9602627,-287453345.74270463
7078,929142179.7778202,-154712574.7875241
7079,733733073.7717438,-225283737.28411865
7080,912434160.3071955,7999243.42819099
7081,899666432.9457293,110426692.36529231
7082,912506913.8944398,63158584.72189091
7083,1060047849.893123,-85939718.77477728
7084,1161784779.2558415,-169378375.23832092
7085,1340136859.4524837,1023234551.0779058
7086,1762639610.1761324,823316993.8614193
7087,3720290906.129357,638960752.9863513
7088,3567299074.5530324,607865764.1734118
7089,3423156106.708592,464892396.53465456
7090,3432448532.279374,279882159.8954363
7091,3291402962.7418747,167564025.2971726
7092,3504952753.9673905,352313463.84801733
7093,3622111170.276298,341667664.05650145
7094,3785114703.8306293,404580747.12127364
7095,4060482012.167834,363592526.5012603
7096,3612528081.8231435,207690193.65854537
7097,2991079493.5301714,170753982.38927302
7098,2883058385.2025757,33590919.7207793
7099,2408159432.332089,-21883052.460567925
7100,2260187510.4089694,-69880812.77520688
7101,1255887326.757077,-376340026.98680466
7102,946003438.6882446,-426311414.1180613
7103,935691759.9628321,-440515270.9534684
7104,1020976537.5433985,-183988160.47906256
7105,1057482143.6762952,-183448377.54580408
7106,1038713299.7669897,-99856952.32756466
7107,1097004739.1468973,-89254800.75167614
7108,1271918773.0129902,-104682990.03543101
7109,1433695160.9158072,1167536643.1473863
7110,1772003559.2010412,1049614805.1328286
7111,3778083262.930101,480167453.32858336
7112,3620313770.0580983,508579168.0858301
7113,3414342027.187276,537378988.2270302
7114,3418746430.948396,276161513.2483331
7115,3315346625.210559,228079366.38348123
7116,3453492946.723043,307090638.8418885
7117,3567018428.468904,347118598.71809965
7118,3592519790.931147,349500336.35083324
7119,3706446988.0232434,421468605.4826339
7120,3393019075.4591093,319323415.00658953
7121,2689401515.9559507,138021094.28491652
7122,2602663423.9635234,116398495.73337717
7123,2026432519.125981,128561798.48820467
7124,1956230052.234404,137921067.12410378
7125,1127663522.5715694,-293041044.81326866
7126,952996569.7288231,-300995932.1113571
7127,896299031.4027941,-172321719.91212666
7128,904227415.0793971,-141394776.72935265
7129,899635855.3510904,-133522093.57069576
7130,897252911.768886,-122118997.23804498
7131,1032231376.903449,-213063691.84897557
7132,1172195220.0972714,-280028784.26448876
7133,1403564631.7985175,770557213.2218342
7134,1779431102.9654553,448017632.63798255
7135,3723113534.4344726,425534073.0331933
7136,3595999310.3210917,373075465.081437
7137,3408216667.1945534,395781994.321056
7138,3430288594.258071,240419080.67646936
7139,3302849527.1349773,267015029.66361743
7140,3431630493.756132,180061600.63667974
7141,3492020364.5014606,313649146.97503126
7142,3506314511.3286366,316618680.57821345
7143,3676278149.046004,398627857.9799606
7144,3363849456.0400124,260554002.5453758
7145,2597561007.524784,166329508.26517847
7146,2542756292.6002245,218429837.1136601
7147,2002085372.9947052,350195434.1846991
7148,1933690323.1195717,464279139.10508996
7149,1086413644.4704742,-85306092.17791994
7150,961995169.2177877,-67759509.49571663
7151,918007014.7967876,-117725076.86488959
7152,939210995.0791467,-9664461.96594576
7153,955656468.9958029,-74599912.35478619
7154,963919624.6137111,8744900.445158584
7155,1043823097.0044351,-45318506.901164085
7156,1231745261.389845,-98312532.96461616
7157,1391111467.0485666,1647005380.846587
7158,1727324948.6344304,1468650769.6202822
7159,3706988598.0616174,895837412.9209062
7160,3574757195.9120855,932175643.6360836
7161,3398178780.9544706,677170400.9465522
7162,3430544286.213241,477678777.56756276
7163,3286359944.159388,261107607.41358295
7164,3425938667.8207326,432048932.9507087
7165,3474049349.785607,410488896.8415686
7166,3513318889.3005767,456800381.0924701
7167,3712858793.2990775,471305410.6157061
7168,3315792724.1990123,486833263.32514346
7169,2575310974.75916,284217155.1774947
7170,2518808851.8655357,302116924.6711495
7171,2010183515.041545,441714102.8311296
7172,1975860692.2592797,468394074.6333604
7173,1269853906.7083514,29927015.753991697
7174,1112997172.6096506,-72743408.250102
7175,1097667956.6306171,-90193964.85792507
7176,1085343077.1915073,-26235507.02887731
7177,1015899953.9001299,76796833.42979333
7178,1022762339.3636317,27002585.30695781
7179,1115088750.376273,-120258128.31179804
7180,1265133007.2693882,-187256684.35929224
7181,1388142628.6357522,783809902.6916949
7182,1772966050.4989567,679670716.2317401
7183,3774644513.666342,624926396.7216305
7184,3622184275.3301473,536243770.88558835
7185,3427639414.7225447,596068742.6947241
7186,3426501717.3220143,553694327.4934114
7187,3317070568.908304,276799140.931623
7188,3543447320.6015677,340067593.21862805
7189,3789923821.387459,387216395.7393146
7190,3893496098.3783903,366476582.34883887
7191,4132017679.7589974,340928190.5367477
7192,3627056129.675977,193840978.57511064
7193,3047862086.774621,164482097.53874996
7194,2853536596.245224,-19348546.07313856
7195,2217189261.681078,-35395812.54854166
7196,2058302807.938243,38674481.90084715
7197,1187607206.4617932,-225039307.27660537
7198,1005633262.9001632,-185913046.78822964
7199,951640963.0331649,-188692710.65343276
7200,882598687.4048412,-200419531.25198653
7201,887657697.7178575,-244344185.5783313
7202,861986401.152075,-230021023.62020937
7203,857722759.7662754,-150188437.23774707
7204,962507607.5279433,-62659942.96991874
7205,1446875861.5382013,1059667352.9269425
7206,1484572763.7288976,1010828273.256086
7207,2277021003.457595,599667174.3380706
7208,2156163763.5805264,552105532.4445751
7209,2024124789.3972561,470507012.0048554
7210,2069706141.9389248,250018050.76318878
7211,2127275668.9120703,107033771.07052465
7212,2155369097.5865197,30937108.21063512
7213,1241025385.6294506,368083927.8893168
7214,1258851420.3707232,408091154.863105
7215,1549026467.0950575,548743164.9007466
7216,1414030252.8969398,612409543.4202212
7217,1112872050.4982545,-172401741.64077684
7218,1021415519.3330996,-114833382.57957624
7219,1001229562.0722531,-195515654.22625136
7220,1029965998.900632,-292085148.8910292
7221,872185434.8305707,-197591126.87933287
7222,847757275.6468321,-111954782.75895108
7223,814915181.6716211,-91358644.74491544
7224,816918892.786982,-115894761.68958181
7225,815592106.3529375,-163464042.02081206
7226,817123446.3511182,-106657344.32230912
7227,954708563.5619968,-158995192.2108297
7228,1039785975.8455868,30439154.817352854
7229,1180925826.2998896,-128429074.27724198
7230,1264715464.942595,-248305988.6167757
7231,1266456630.5039873,-207457078.5516397
7232,1135204414.3161104,-169264162.40742928
7233,770019891.943,-68023581.20026223
7234,697897890.1879703,-66394775.28710082
7235,673007025.21869,-139009401.7453168
7236,615574570.2215122,31548910.69967877
7237,634944246.2921419,-134660584.5283097
7238,700760937.1526661,-233619818.99868613
7239,1006652516.0547935,-290773520.0114267
7240,1165136189.068247,-240434032.92837927
7241,1134310459.0061786,-221263736.62483773
7242,978889114.5224812,-269799097.4619538
7243,956800141.328619,-225072043.43832588
7244,962214484.3793358,-33927777.56294107
7245,815503888.2350713,-188566858.29837382
7246,875146189.511469,-119707433.3246327
7247,887088321.8176848,-93682912.22707297
7248,999767988.1951739,-28799112.226724923
7249,993858077.2313437,-70794515.42233986
7250,1008339907.2256141,-68673939.61311007
7251,1060551150.0715473,-53173730.77357002
7252,1152604998.731976,-180324620.2474052
7253,1415414152.654304,2096712582.7202642
7254,1720082803.5041776,2190841778.396342
7255,3695727256.5693736,1326529269.6565192
7256,3541961671.2620425,1210464299.481776
7257,3367501369.7997313,1107294467.143879
7258,3375347861.757359,953694941.4106382
7259,3207355435.477718,960269090.1543808
7260,3374486065.641789,872726773.9516038
7261,3390195217.020876,752763654.386206
7262,3418571224.8457813,719461884.5381727
7263,3579539426.2736287,636895828.6520463
7264,3252848569.9015203,712255200.4029635
7265,2568525209.015558,774044705.6504611
7266,2497219576.317396,780195830.4377484
7267,1962867323.3373747,1085502731.7567837
7268,1910467518.6578348,1053014273.6599404
7269,1122835425.8180676,208773396.87636465
7270,1045854398.2482921,-46855651.561508015
7271,1043231930.1747495,-26981164.045844905
7272,1016411689.2770753,37873173.40895466
7273,1021536423.8452351,31292841.167998195
7274,1040307903.7540784,-1297099.030178662
7275,1060843746.0202472,30709046.2839821
7276,1233748445.3052983,49898256.81429548
7277,1424215227.9112334,2277036092.2064934
7278,1748925910.4471877,2413972911.6239853
7279,3677977577.948047,1804424125.4472227
7280,3534188635.8248696,1643503702.747881
7281,3409235920.3491836,1444160119.5668945
7282,3389652332.9160585,1381845017.0562172
7283,3208968227.8616176,1496220437.551051
7284,3371797785.4464517,1481944561.1598587
7285,3436713887.0648737,1482794973.894332
7286,3418635631.1011558,1729367745.0597856
7287,3546217931.8491364,1639876899.7643766
7288,3229712226.224624,1602929776.4411974
7289,2528695168.1321926,1586266342.6551878
7290,2446809687.6889696,1508880966.2289002
7291,1954283278.7090604,2024702847.7836175
7292,1906044487.1666472,2113129040.3528488
7293,1172370426.1998863,-9633180.744746143
7294,1041484613.9477688,42024846.185378134
7295,1053021856.7249728,55271352.1580249
7296,1041237532.9244221,42875258.91985142
7297,1015459566.2440087,30524268.83782623
7298,1016297111.1638306,143897599.04888162
7299,1058316349.6633693,45789504.78323892
7300,1218558410.1018627,-6139141.083775062
7301,1449224009.9265063,3927449327.0439725
7302,1809524200.8893077,4147282837.580968
7303,3698393921.5685005,2812772108.4060683
7304,3563207300.3370996,2658766654.2674932
7305,3387042913.040228,2291068993.530693
7306,3337269178.9669323,1729474683.1880727
7307,3179065449.104397,1366972978.786581
7308,3316514900.205728,978151764.0969148
7309,3412391036.0626717,652057400.085344
7310,3461000624.8734074,540035709.6182163
7311,3636799311.16773,416590553.65114486
7312,3324099285.9426436,459277053.5941932
7313,2560130956.353968,478595026.3606073
7314,2487231422.6019278,468812006.29799247
7315,1988632637.2200065,564134616.9363484
7316,1921310263.42347,532534036.292392
7317,1099727550.93618,41380307.53461395
7318,1032437687.8006104,50830873.68820032
7319,1060843043.0870371,-91395018.25793825
7320,1060063314.4237449,-87294268.3997467
7321,1074256590.3352733,-122719160.20292133
7322,1068260921.5198123,-101745465.12370892
7323,1073664193.3724701,-70221996.32736084
7324,1314533044.47487,-13267622.165985268
7325,1416890136.6621902,1906018984.671232
7326,1729315479.7521021,1806311910.7731066
7327,3704176513.754653,1215448198.2361612
7328,3574345979.984183,988023171.7961751
7329,3374022129.7231293,892792949.880897
7330,3391792984.20741,707611393.9953414
7331,3206431869.106311,676729917.7038459
7332,3372949102.1779275,660274540.4123269
7333,3503772001.907742,675258972.8372035
7334,3498778364.383264,698236121.0137123
7335,3585833490.236773,591644268.5706295
7336,3278708252.5676064,659529974.60075
7337,2552562210.880977,690080451.9237379
7338,2486344320.8907943,704277034.0565405
7339,1969827943.7169864,878664022.482317
7340,1907085882.717395,850761900.6425198
7341,1100462819.073934,-165380198.68685368
7342,987694055.9120662,-187450918.91883403
7343,1041300445.4467252,-113586498.55315432
7344,1038370268.3604659,-13817589.682890147
7345,1046092165.4066049,-28064367.26366417
7346,1056204035.3670493,-79418675.360048
7347,1085365219.5876253,-206483723.34314933
7348,1261384440.193282,-208436253.52221376
7349,1415759995.7936683,2412714751.808526
7350,1750331073.9341574,1879228801.124542
7351,3658725379.5901537,1370859488.6530683
7352,3498799452.3795667,1231006604.6965377
7353,3350265974.6882367,1165916566.8773503
7354,3346462578.8217435,943539820.3098
7355,3196872328.9156947,599519134.1400677
7356,3376129172.020374,373510492.2971898
7357,3490512572.765818,399998048.21552986
7358,3589342181.354936,289744837.9515711
7359,3682514221.0193157,209594347.06528944
7360,3407103396.7230735,293759018.84876835
7361,2745530029.8484116,180112523.55491167
7362,2637541388.248457,33934649.41884485
7363,2072851416.5874717,6002337.563238748
7364,2015589774.3603456,-54360234.76837407
7365,1209658924.1955206,-158335376.68459594
7366,969645894.2764052,-200108173.98051128
7367,994448892.5944242,-241552154.7187004
7368,747194596.2115687,-367323033.1084502
7369,735765956.6153235,-236600992.1260356
7370,747200922.6104594,-180093284.70458013
7371,908359959.421515,-156441044.12636802
7372,889741367.4858662,-354996777.01528054
7373,1388285675.5440054,660975094.2731462
7374,1415021388.7231662,457953785.19042337
7375,2263655255.667645,445037186.9808935
7376,2153851816.2525406,525630343.5206627
7377,2039257535.5440695,239769085.99875176
7378,2060186668.9412837,111599738.16027792
7379,2111436826.3557217,134490681.11092263
7380,2153044497.4607525,149772285.1371956
7381,1267890087.052663,287228154.5855229
7382,1294388208.8068135,336059595.81864464
7383,1521360773.2789478,478922387.9778126
7384,1363635740.9324834,598644714.8869994
7385,1102782322.933928,-320131309.8423967
7386,1092403514.086952,-225681663.51658818
7387,1084969468.1903446,-342123463.2862478
7388,1049980967.6581243,-136928836.8004121
7389,904371692.120768,-278575298.6840973
7390,921927273.3094585,-166998820.01636872
7391,808393718.8150128,-70981475.2792771
7392,816082402.2669752,-61960844.049620345
7393,866887954.4260314,-40390623.35683385
7394,875774611.8012892,27592199.953057554
7395,841052698.6889955,113913821.05878906
7396,979834735.4233545,146169488.6722863
7397,1091496203.0460286,-7055026.141689406
7398,1184444007.0163891,18039424.227877095
7399,1164009562.8657758,46952365.99457814
7400,1056443032.6584799,-56504089.62593847
7401,705077649.9958276,-104546225.62646525
7402,715056841.3128676,-136434157.02330187
7403,731797195.7111564,-203528739.1451763
7404,694308361.7506466,-68404775.61674127
7405,848452125.1250058,-139034863.20443276
7406,999933177.499545,-289620479.6486036
7407,1012879449.896374,-487948514.34599334
7408,949702273.2397372,-398417294.45112914
7409,1056050444.4606447,-308475053.85910714
7410,1138962295.2572505,-86004463.62795788
7411,1192045175.2836952,-199961224.98789912
7412,1072510679.9747128,-240001915.59366828
7413,934803252.3852786,-432697875.53460616
7414,795841440.482439,-246069017.5658729
7415,868773397.0287948,-137589379.79690632
7416,1065516846.0009242,-43536932.23330688
7417,1053608103.0221877,-22577059.089043133
7418,1045042510.3906384,-43941405.69812052
7419,1026220419.2906685,-39479103.12048225
7420,1082029098.5725389,-68238184.92709681
7421,1270331725.55791,-37223945.31306806
7422,1355531272.486753,1947229447.4558146
7423,1732991468.974267,1827899590.7521439
7424,3625229030.5296516,1161915844.1799717
7425,3539285604.531231,833818390.8062347
7426,3421680298.4340086,761817385.5127136
7427,3453878505.5887775,587673735.8890595
7428,3330095745.5579658,252217193.36054784
7429,3504128213.311955,368807760.79847074
7430,3601938041.5465355,277267995.51448697
7431,3590614490.465199,347884261.1672298
7432,3633208376.863986,414390319.84839517
7433,3310181911.3160753,452218409.6569868
7434,2544785221.444497,495256277.73583543
7435,2468783819.1696334,584846422.7217966
7436,1956714548.9494584,799345393.838867
7437,1897533371.8588796,1079849196.6276484
7438,1070128087.8591135,-115051623.65771309
7439,1015097555.6408124,57041287.30171481
7440,1108791523.2136834,-93665452.94082202
7441,1100517296.397716,-50240570.68341067
7442,1096246977.1464205,-49185011.33548874
7443,1090702239.985232,-26854584.22052553
7444,1093428917.9071705,-82612997.27371113
7445,1265490097.3401139,-23345995.154345326
7446,1398835121.4277308,2542960663.505472
7447,1758492128.5033,2505332264.2833757
7448,3646502337.599856,2114702558.5262156
7449,3498645334.2732544,1929583201.3479288
7450,3385366768.800769,1754147200.8065746
7451,3336144749.4307427,1595384091.1646156
7452,3165499189.6162686,1521583324.4467258
7453,3323895786.7783227,1532099270.7967503
7454,3382797196.451286,1576592806.8667717
7455,3378383478.825132,1658348460.88275
7456,3587670078.9814353,1829630969.9720297
7457,3276564745.610089,2030157056.0613878
7458,2557731669.574629,2421441485.0529585
7459,2470231246.5158596,2462164179.0279055
7460,1946619549.3860562,2682278493.0854373
7461,1890035710.5067592,2840965218.350048
7462,1137279473.1522956,116171888.74724507
7463,1014535560.5393456,88734620.4038794
7464,1041473367.0164074,91420076.87035343
7465,1011094526.7426535,148875314.3060531
7466,1021250681.4953336,214593158.96001416
7467,1006171358.2724869,221644528.19461602
7468,1042083337.3094628,94443807.00793959
7469,1281687963.033516,15224841.790172096
7470,1435285195.8370304,4385960737.744821
7471,1801904404.8919342,4708933072.199862
7472,3687807132.3579893,3161351123.2278194
7473,3573572226.2531767,2765339228.748674
7474,3412816837.8546834,2297598766.588548
7475,3345581891.376152,1841239940.3883896
7476,3193570212.2946463,1574185607.7749221
7477,3323037417.4621515,1271913712.3825102
7478,3384576847.6059303,1166094069.6209018
7479,3401522282.768263,1282060831.3104835
7480,3592768717.1541705,1561857169.270971
7481,3260857703.030632,1716061586.5257814
7482,2588092848.6514792,2110315912.8556647
7483,2479675681.3933234,2105641916.4322336
7484,1972903276.5111294,2517781826.585693
7485,1900286409.7761965,2559555351.3518686
7486,1161591296.8897643,-186535033.86091968
7487,1069012532.8547009,-26050002.112460982
7488,1036526826.0170053,-92050468.96260928
7489,1030233464.9870713,-99970437.68819581
7490,1027718369.9613699,-87529968.76413451
7491,1030186368.4619952,-48132361.86860863
7492,1071972233.135784,28616114.344649643
7493,1271003553.9734533,229480110.36998963
7494,1427925133.660785,3523729521.4201636
7495,1854465181.2765846,3616711132.760371
7496,3651010204.342836,2242388138.641486
7497,3536496014.0869894,1934636573.5121877
7498,3399952984.3767376,1592658987.5689466
7499,3362885646.7423277,1191189611.195859
7500,3164956876.6446843,890851695.4908698
7501,3341861485.5617747,838939053.9695858
7502,3464984498.8415914,737029200.122799
7503,3485391352.8637085,705097620.5103351
7504,3602043130.0614443,590961901.4663216
7505,3270985125.38835,855672324.9005991
7506,2586063304.7406473,1082220022.206475
7507,2501988187.3479943,1079654234.597846
7508,1973056164.484324,1439700363.1351678
7509,1919458561.614791,1430369829.5745566
7510,1074883431.025371,-103889319.98127331
7511,999482948.7784824,1050083.765183235
7512,1053932155.2320391,-89172596.61224459
7513,1044160680.6785806,-31941783.751895666
7514,1050232266.2807314,31889730.516702496
7515,1069363296.5265357,-39001155.15936253
7516,1098329416.7813115,-110991612.1341071
7517,1268473521.6170375,-16427025.507146502
7518,1424338416.9563017,3091662745.892288
7519,1817027661.4404113,3225860457.9115977
7520,3632015674.939766,2447168470.813992
7521,3528307369.389351,2366748815.931341
7522,3384954147.0064464,2083440251.5533712
7523,3345722741.618124,1856292755.017749
7524,3184019458.769156,1753256049.7375157
7525,3318063022.7342997,1763055074.1458604
7526,3363157066.828074,1856245105.7156892
7527,3373188099.469358,2056252505.509342
7528,3627194080.3184576,2391603564.8500876
7529,3296562668.2372365,2743447466.2007656
7530,2549447601.6937203,3176519060.025896
7531,2450712460.7380395,3239707126.8491206
7532,1971709520.1870942,3603112531.181664
7533,1908969743.7204359,3698030304.6200757
7534,1171112878.6870358,-92883422.41083162
7535,1021490381.7199742,-152613823.086108
7536,868996578.3229983,194101049.19322374
7537,883844460.7864228,273473510.63594747
7538,885345926.1231747,325550560.4360945
7539,884584297.9900423,370867229.1058222
7540,955296742.9255394,703694694.1130453
7541,1008906119.9263414,650287464.9416541
7542,1165972679.588254,619185201.4261101
7543,1257365595.297896,630664682.1361089
7544,1264381923.1344073,589516054.3236649
7545,1135080522.337832,461257955.1134154
7546,822796468.823148,642587919.7049857
7547,846030520.2162465,443864504.92103815
7548,803226105.3210375,266268281.44125915
7549,793828942.701952,181172447.72439632
7550,787201336.9306202,250248658.8357534
7551,821350183.7433882,295817395.95072913
7552,1114456813.420402,434958450.25740325
7553,1272422776.1246247,403524460.3030913
7554,1265653880.7780647,491149708.11556023
7555,1172025285.9937325,532346348.9651943
7556,1169874837.570765,609478565.7408432
7557,1108480123.8016136,635078244.2062966
7558,1012762060.050289,808520976.2340009
7559,943736479.0857049,843895672.5892041
7560,894947290.8397914,550488002.3204508
7561,894479313.0551741,535384264.77285933
7562,894246114.9627268,531312613.72508603
7563,893113338.0946671,515146042.12696815
7564,946991938.5149333,762210946.9236203
7565,1004354100.1911023,667511778.2984753
7566,1172233002.757314,660982005.2406205
7567,1267478695.391458,672418565.2052523
7568,1273598431.9185,584163328.1472282
7569,1140914867.9815774,424139512.54389876
7570,820601559.8746425,607742821.6993947
7571,834245844.9490908,405749064.3595663
7572,798686914.1168826,191824067.27799585
7573,792598809.5842948,105803618.86009322
7574,784888335.2028196,100706234.7450767
7575,773950694.4538221,131446218.07091346
7576,1075723436.2114284,69592331.70536545
7577,1213856665.5928745,273983103.55339706
7578,1234585463.0252128,399207651.7775442
7579,1163565836.2769065,346720308.7504999
7580,1171818623.629966,343498342.96693945
7581,1080107279.1761534,264252461.34953505
7582,1044346957.9792545,234756088.43394816
7583,969797024.9165746,171334503.65711704
7584,996994565.2147645,175385421.80246735
7585,995906424.6055454,174408429.24267468
7586,995792197.9589058,173608211.95617288
7587,996853275.6395364,167849557.37440166
7588,1057744162.0303562,44422588.16384174
7589,1282228694.4053776,-46613403.964776106
7590,1436007459.7103977,4131881564.6968503
7591,1826921797.8390305,4231883991.520721
7592,3686434303.7986836,2811407374.1974525
7593,3554595489.846987,2461226469.8621774
7594,3417241275.2122912,2185784768.8807807
7595,3363363729.19184,2032992371.4015157
7596,3215915975.7768197,1775517367.1777356
7597,3352710249.193022,1491495518.209388
7598,3424519269.936259,1210561053.0264165
7599,3434230819.433557,1061053547.5082418
7600,3643175003.2498956,1217460017.241453
7601,3295393514.575555,1300295964.5942085
7602,2622283607.856899,1783807618.2658942
7603,2520727156.595871,1895800209.9226038
7604,1998732908.7824845,2285074274.849404
7605,1918576380.4361281,2291886670.103446
7606,1190813987.766223,-75042941.74340402
7607,1084935375.9296553,1738270.6315747907
7608,1094853412.0574174,-158439404.93184116
7609,1091262126.2870686,-183530581.68523562
7610,1075605343.4321332,-199753168.49340865
7611,1066070757.370475,-205152452.7665145
7612,1121939185.975203,-80254538.68931216
7613,1276945975.5982502,99404062.97886012
7614,1365703418.9699626,1676309337.878283
7615,1733236089.731378,1399668038.437394
7616,3629979804.6300435,852633681.6226735
7617,3615157227.762182,645913550.0006613
7618,3498234294.0786543,620462275.468341
7619,3474294849.209231,525964616.1053424
7620,3287091170.431184,368857592.511312
7621,3490633828.7445583,461761000.79852086
7622,3632822115.0650415,438778396.5950587
7623,3621631945.5603194,457957422.5417257
7624,3672448920.3840394,439929982.0173608
7625,3303519158.884239,568630746.8810979
7626,2563797192.3778424,382469652.28983796
7627,2498713309.3888373,460683253.607655
7628,1958972370.4202669,580914809.6991612
7629,1907080434.985017,613618598.9930993
7630,1120481653.9640818,-154009111.04566297
7631,1074190690.3468275,-66055046.67546778
7632,1002754048.4716353,-67512169.60716154
7633,999213725.359018,-119937313.92693686
7634,998196581.0040181,-136613114.7073741
7635,1005055100.3348644,-125741071.66485634
7636,1087967654.06468,-47931580.07672272
7637,1274785158.910434,125875250.81633997
7638,1364532683.708558,1722288368.2201562
7639,1729761842.3405092,1477202546.267075
7640,3622898455.4715986,891982184.2756187
7641,3603770061.2253323,667385562.2082862
7642,3488430484.597532,646649749.9042429
7643,3467719260.4954457,548373610.0084349
7644,3282262897.9443793,380781557.5504494
7645,3480683457.689132,482628848.9548369
7646,3623539003.359293,456375174.72523344
7647,3612377829.849487,473834460.97618204
7648,3660152509.7399383,455948877.1526061
7649,3290767950.45321,575462420.097042
7650,2563023438.6468363,411324032.7005723
7651,2489729822.9638896,482736878.2885147
7652,1961212267.094218,606155117.855949
7653,1909548784.9522474,645168256.7188239
7654,1117655862.4595208,-148690575.97146776
7655,1067464498.1927806,-50877107.16130983
7656,1002771621.8018876,-105022718.64706406
7657,999463618.1152049,-141968023.2945921
7658,1003479827.0110531,-132252657.9661997
7659,1017171208.6105773,-117397715.2476843
7660,1076820363.4857736,-46999690.67307834
7661,1276781137.760484,141714097.06212234
7662,1363997400.0690746,1768602762.3520994
7663,1727125491.3360674,1549676770.965023
7664,3617456346.5590835,929250121.983659
7665,3592738051.69288,690771912.4063015
7666,3477091117.518968,673381735.8300962
7667,3460617877.7405133,570692397.5992308
7668,3279774338.647359,391564121.750931
7669,3472551223.3816032,504963277.1562326
7670,3615946973.223718,482839815.3303692
7671,3604093410.5019736,496395496.1637098
7672,3647785630.041526,470880931.7187299
7673,3276082972.761224,576785688.5008118
7674,2556513310.5882406,438416116.4053515
7675,2479939017.7471533,506661920.21439785
7676,1963765671.9798694,632816902.9016684
7677,1912093754.6393776,680555320.0684547
7678,1103478051.0786145,-134491811.42788386
7679,1058280324.3363522,-41465824.40178811
7680,1003564178.9962639,-126787901.36965281
7681,1002971606.3001581,-144498892.3307192
7682,1014778423.9634316,-121890571.57626173
7683,1034687601.2728053,-125111809.88956174
7684,1086172889.8460183,-62531908.20407845
7685,1280032906.7903595,136771300.3774528
7686,1365309073.4391024,1816799849.5181034
7687,1725180475.143749,1623190914.400293
7688,3614964096.86271,967787131.5610652
7689,3583935570.5695305,715134527.6938491
7690,3465248801.7285852,698241940.7757959
7691,3452681761.7985992,592398291.4955924
7692,3273246637.2585115,401450442.59053063
7693,3463145274.097391,526328351.2355705
7694,3606116452.280612,498465876.52496815
7695,3594315609.5496244,510623359.517712
7696,3635677254.0311236,485813713.7551141
7697,3262960439.8619647,581071215.8051592
7698,2549960830.803737,466376799.6011154
7699,2470587897.253329,529312070.5088315
7700,1968128075.4816868,659756945.3220123
7701,1915320921.0068998,723821613.8090867
7702,1089327302.6262963,-107233500.76859042
7703,1045921352.6365532,-19832313.796341926
7704,838127793.6018118,-160336647.37111092
7705,891358289.6023753,-148222085.123734
7706,901071420.6993963,-149131422.94930422
7707,896287960.2047352,-101555595.38572985
7708,911754599.6263412,-75288826.6914382
7709,1019470678.8740836,42311469.46799787
7710,1367831549.2635095,1864672484.947944
7711,1414392790.7000434,1576861970.8631406
7712,2265578129.4638457,799854986.7563165
7713,2125774555.0419235,719005033.2146063
7714,1952526472.8837433,501982104.02888316
7715,1970483253.2020926,403979856.68613684
7716,2017462739.89863,311715531.0227387
7717,2040822264.8697295,259327487.68624663
7718,1195627147.1890104,509279721.94664943
7719,1213739275.7467895,597340360.7100015
7720,1361344705.8674984,930002326.2329707
7721,1218982278.8275468,1046882790.5696855
7722,1162242213.0423074,-246722285.85976258
7723,1130104106.6770012,-188217672.57335484
7724,1052304337.6507736,-117721439.51358731
7725,1039362458.5865077,-77375211.39842655
7726,850011582.4515902,-185817748.1841099
7727,915571351.2238264,-117555576.2942033
7728,845237963.0218703,-183291971.43980598
7729,895187693.997642,-160875702.83410895
7730,895315276.3752733,-92192325.66339824
7731,889380938.4823927,-36965693.37060612
7732,874049613.7037289,-86238709.05182478
7733,1033476798.8184257,25756428.75079636
7734,1097761622.4808614,-185401635.19512895
7735,1161390257.9916785,-189479106.0049859
7736,1158590123.549286,-272869749.4313394
7737,1030259122.0492395,-307338017.84201413
7738,813827041.062402,-340933321.94014144
7739,761300005.4718359,-197979595.99841645
7740,877856524.2362727,-219221000.13347676
7741,856615639.9603839,-331256512.5355532
7742,854019707.6155223,-361674954.0062683
7743,834983924.8196851,-448516716.348226
7744,1078689111.4247973,-563654161.9408877
7745,967228506.9669064,-516565739.45181894
7746,1125056519.0286489,-433174368.555205
7747,1132096219.3943958,-370104879.38443464
7748,1051541127.9179187,-349433084.46331155
7749,970079252.6004256,-51314316.787844
7750,839135799.8250806,-196517380.7748995
7751,899404414.5916684,-157607906.42413974
7752,1023007663.053953,-131125806.53275307
7753,1044517770.7493063,-137722506.8545698
7754,1060291591.9837216,-144344668.6355025
7755,1065826839.5465739,-142317209.0196111
7756,1108732476.8240356,-100676811.31109877
7757,1316296879.6322877,92349056.39295599
7758,1377187941.7564101,1961943260.9438016
7759,1726598291.4285002,1849563291.373399
7760,3626235982.353105,1118723024.9356458
7761,3557808597.5503073,787534550.4252305
7762,3431564945.2342916,769880665.87961
7763,3426487658.6578126,660590989.9756254
7764,3252190624.4168763,418058588.63674545
7765,3433976357.6115046,589464767.6703027
7766,3569570076.02153,532440192.6287931
7767,3566592450.9435897,569432055.3729904
7768,3610642112.0204725,544778815.7163906
7769,3234920434.111482,610869852.6139656
7770,2531989201.021325,554564745.6600473
7771,2448227328.240418,594238063.784286
7772,1977934345.2290447,781758800.2923386
7773,1920877608.0326598,895271804.7934016
7774,1057614119.3864895,297152.0456110784
7775,1021301292.68646,43476876.82524869
7776,1041703929.1093168,-138247012.9123587
7777,1058846009.8371719,-144646568.7935918
7778,1067297727.2886868,-139942018.61922163
7779,1068508178.2764615,-131933298.52185944
7780,1105064922.8003922,-88424029.71423517
7781,1315533142.699525,66462754.644882925
7782,1383214891.09972,2013230641.7762234
7783,1730292908.380732,1920294861.0624242
7784,3640271801.2255735,1188133144.8965523
7785,3547809724.103385,807382121.5412568
7786,3421361518.2232327,797580187.25187
7787,3413925187.7936926,681036541.6457466
7788,3244627326.6762633,419230543.2263404
7789,3424160598.2658105,609714993.5754914
7790,3555242539.8668747,540995970.3620183
7791,3554675975.699542,577719396.5801073
7792,3606044225.8932753,570345758.0201234
7793,3229762485.949146,622838557.0741211
7794,2527416708.356342,586042020.0948564
7795,2443865451.938508,616304782.9298339
7796,1976905602.4760783,826099567.6076642
7797,1920351462.5249076,950262009.2515454
7798,1050120851.3669322,19496910.89470107
7799,1016264073.3029565,27283388.827493902
7800,1056982182.4306188,-145802519.0374567
7801,1067203885.7051398,-141653756.14207503
7802,1071746943.0419502,-131059606.73905155
7803,1070001911.3479023,-120504013.25983223
7804,1107039110.7209294,-84524061.64792953
7805,1320308870.9288754,32115973.76770437
7806,1389548319.3226292,2066665514.8175118
7807,1734543545.5021453,1988762179.5657794
7808,3656777112.3317385,1253921917.9009078
7809,3537813310.9226975,821573975.1173663
7810,3410950725.915198,827535230.1666746
7811,3399479910.326347,701430806.6625056
7812,3237188184.513883,422279371.0879123
7813,3413910777.6628857,629255935.9767355
7814,3539869039.0956054,548664234.3774871
7815,3541849904.8816385,585375657.3362784
7816,3595459809.082348,589465858.8756934
7817,3225513957.6273627,633150084.2809573
7818,2523424399.1896367,619229213.3768678
7819,2439914703.6978498,648424049.8694955
7820,1973990538.4538357,864858455.6145096
7821,1920760569.65318,1000106452.8223524
7822,1046295488.8376235,8219303.1819789875
7823,1014955563.1323743,-568173.8292015595
7824,896518170.8310395,-81731303.31803823
7825,884586758.2562777,-16739837.719142662
7826,868199803.5293615,56058474.9798385
7827,842485979.5043687,93705788.42870678
7828,840392644.4047211,-69197718.20063852
7829,1000898480.5303007,790013.1470701471
7830,1121737795.6105123,-172362458.2467122
7831,1200943958.256827,-165776669.9788023
7832,1150679313.202935,-289271293.92358464
7833,1010180186.3696291,-267786187.25127155
7834,799498099.0413263,-346269316.3005876
7835,725591349.8658786,-246733197.9136694
7836,732910290.4493337,-281909294.88776803
7837,745615105.2884969,-246899061.13305342
7838,804164872.6231126,-305245813.37294215
7839,853850652.1784956,-375099690.19272685
7840,1280726526.1354156,-285572107.6491649
7841,1126359581.466853,-333716816.9564161
7842,1200094112.0058286,-292923194.6310747
7843,1090629837.8645928,-317254164.9622925
7844,1033625996.3922672,-293370588.8412553
7845,940747607.076403,-21840131.715201013
7846,912772271.1812488,-262559313.42989382
7847,890710888.1158826,-114001884.07187481
7848,1075710431.9470417,-138599108.5184195
7849,1078314799.4904244,-123501190.73291174
7850,1075820792.4610257,-121103448.75444813
7851,1072306829.3437867,-112183935.89099479
7852,1095721534.5718784,-74981106.77126524
7853,1287127963.146401,21205374.801382434
7854,1398056271.4309514,2168190536.8965173
7855,1740106207.460191,2110000918.232887
7856,3676028695.623073,1380516292.625494
7857,3524883205.989701,846112638.2079443
7858,3392149195.611623,885372025.7539835
7859,3373300744.516275,742096757.9571369
7860,3229064473.2715263,455307248.3828838
7861,3400705825.8447437,666873423.144925
7862,3516014286.6946664,581450591.5459871
7863,3516644466.3175116,603025177.0603364
7864,3575656423.2210927,631516549.811103
7865,3219459593.8888593,650711943.8386303
7866,2518076571.193925,688873215.0265108
7867,2441018484.5709934,718301933.2078754
7868,1965110031.7441661,929229389.081236
7869,1924225503.179015,1107857165.390342
7870,1044262254.5274386,-49780809.47880235
7871,1011651074.111742,-8554342.348489614
7872,893103848.4963309,-54131081.63633037
7873,882699206.853884,5390898.809325321
7874,856289127.4842972,51226617.509888485
7875,840844981.925414,64701912.87944872
7876,848986002.8980691,-12642725.212253401
7877,997044649.2059834,-35184846.17300936
7878,1400268753.709709,2214884306.7692885
7879,1445187943.167473,1969810488.075505
7880,2317125100.426244,1291337895.806951
7881,2124552857.1227875,951699854.2213371
7882,1935880663.0022116,766451371.0718194
7883,1890829849.3008583,594575609.9851377
7884,1934506780.043091,454130928.9717261
7885,1960656422.6583395,393396983.0721504
7886,1183316502.147405,882429044.815308
7887,1183941761.2377799,946731596.0775515
7888,1300262621.6435342,1208727100.4998064
7889,1182406555.1069436,1269206431.8082225
7890,1146606342.4503722,-134398695.23454547
7891,1063559879.9440342,-98315442.84565799
7892,1028539571.6840574,-66519900.17189929
7893,1017390172.3055203,-33718266.12792968
7894,963080849.5607715,-94632260.9169683
7895,911916274.2646619,-61498172.96397021
7896,880697428.8048507,8737989.47768425
7897,851546788.5824263,54087030.57400222
7898,834958267.7575169,60365826.391999595
7899,830279544.311159,58905793.57926402
7900,854791528.2802008,-62704318.65580657
7901,988663225.0754775,-52105804.43122034
7902,1095577784.730415,-84406938.93599609
7903,1175345591.0115917,-34232587.60207221
7904,1156327908.7459142,-160230436.7130843
7905,990093166.9581027,-404869955.6613755
7906,789663009.0323547,-323868324.5703601
7907,738355914.0278994,-247963350.12410083
7908,719828000.4763522,-262922321.08986145
7909,706146459.9417691,-231191523.26928335
7910,759433717.7990475,-359846093.77148145
7911,807227904.0860789,-447668486.0245341
7912,1319758649.9586775,-201023331.56816515
7913,1182506020.1561713,-251210049.8965168
7914,1202873158.4519186,-258027173.70725176
7915,1082708834.9866958,-272660237.996328
7916,1049403508.0260355,-326372277.20685035
7917,932363019.7464519,-115529571.61883281
7918,941636114.6539565,-222350577.1939593
7919,877201566.2177715,-93790577.82562049
7920,1093978260.2108557,-121166011.19684736
7921,1105175634.7809813,-134832994.9800378
7922,1093577236.8144994,-101798570.45272222
7923,1081243570.7102635,-71119694.62876378
7924,1090060813.431025,-58591929.27344773
7925,1271616863.1992567,-30122380.630494732
7926,1403692741.3760564,2331759315.0790496
7927,1742619896.619472,2278246602.7198925
7928,3691507284.9092507,1560432418.7658677
7929,3526527015.3014956,968111583.2972287
7930,3371969301.1497135,950292199.2673544
7931,3348712799.8272176,811358473.9849102
7932,3227734523.6380363,550915391.0984688
7933,3371340088.060032,718389957.1093905
7934,3479002041.4505973,617876118.6924193
7935,3483718723.2903,644195628.9805939
7936,3548758332.4704013,701375882.6578412
7937,3217175632.0893006,677436655.0618792
7938,2514629474.5982957,797733319.741696
7939,2447827271.377226,817682736.6941861
7940,1961902898.9731314,1043320732.4393617
7941,1934050752.1230454,1264788504.9164722
7942,1042048366.3822608,-70003027.77896352
7943,1009766510.1754913,28661217.500797927
7944,1107718847.1350863,-145830162.90735403
7945,1102735402.1421545,-121569757.19140056
7946,1085958143.750336,-89962629.31510001
7947,1075615535.9636796,-62445339.24308417
7948,1089651354.8361478,-61677858.11830289
7949,1268645213.053602,-52471721.9722298
7950,1404331356.197423,2387954210.288509
7951,1743710146.0283213,2338492052.339572
7952,3692352210.6277785,1611050163.2235396
7953,3529508155.0454865,1036420677.0189347
7954,3369240338.6948423,965430491.6523174
7955,3344096637.436558,836107739.7158903
7956,3226415293.7360005,584029473.6193043
7957,3361983168.3672237,734404487.4230732
7958,3473567313.3367877,648386948.8862123
7959,3477844310.4535794,671434297.9428551
7960,3540199769.170953,725120511.9591312
7961,3219142263.4778295,690380897.1413063
7962,2514911262.9488907,836190671.3255823
7963,2452297047.926884,849107633.2702425
7964,1962770494.2876847,1083374517.509819
7965,1937279324.3569877,1330277196.4383895
7966,1043574434.3813658,-93712738.50775167
7967,1010094428.5179982,34171077.25349311
7968,1118233322.0916095,-137774157.2430622
7969,1092860596.406813,-111419364.64725533
7970,1079593083.5329728,-80904897.10215999
7971,1069694026.6018829,-39567854.49225791
7972,1086996727.5682437,-53086434.34231529
7973,1269163626.2960432,-62999671.58155178
7974,1406637328.5931227,2459778076.5736094
7975,1745385587.3345704,2400080412.0600533
7976,3690235678.732198,1657995637.8064287
7977,3532968958.8387127,1108027393.4312887
7978,3369010128.0685377,981280249.9520067
7979,3340763987.1541963,859905110.6110634
7980,3223402697.730858,615831927.2605374
7981,3354745021.1696033,750462665.952383
7982,3463060570.6455755,663580892.7461003
7983,3468018358.576339,686953784.7442973
7984,3531726260.789925,749042644.0039725
7985,3221808049.810444,707023961.760023
7986,2517630999.4053793,876134972.1218411
7987,2459470129.8692455,878059858.4310081
7988,1963386966.7129335,1125911886.0494738
7989,1937470873.6567373,1386677965.7315578
7990,1045699401.4754672,-102734097.20766889
7991,1015552001.9611355,37809156.02603451
7992,1106502421.215026,-138286296.30642334
7993,1085248884.1413553,-103278972.43275057
7994,1073575975.254604,-57558194.033339486
7995,1064844841.8520784,-17497134.260277558
7996,1086671972.425182,-47531471.433471814
7997,1267742646.8118467,-61784796.246589944
7998,1410890074.5141659,2547836169.1910496
7999,1746231918.9195185,2457177370.3924785
8000,3688000702.590718,1705253197.1310534
8001,3537900386.7740974,1188902444.6969848
8002,3376541003.014835,997040165.6745296
8003,3340429742.412799,883334381.5544457
8004,3219343522.042543,650311107.7251189
8005,3348844775.537412,768237674.2963696
8006,3453774471.473684,680461840.1399862
8007,3458939624.701424,702762440.9742707
8008,3523618969.6280227,772342061.5058634
8009,3225291523.199695,726155338.4046302
8010,2520530159.563743,919363801.1440594
8011,2468324100.8502345,907557322.5519857
8012,1964284963.8888233,1172670764.510556
8013,1935518125.199108,1440904690.151353
8014,1054785164.6824831,-116695706.44634408
8015,1028624450.8691757,20345868.688653447
8016,1092608243.3843906,-126932667.95148359
8017,1079914324.0099838,-88187601.8795869
8018,1069437455.9802002,-42135824.51166826
8019,1061129488.3701487,108009.777892469
8020,1085644987.005241,-36674705.266423635
8021,1265876007.6724532,-52899474.48537804
8022,1411637643.9830966,2608138361.4910445
8023,1749383871.4335613,2528881204.0846033
8024,3686106297.5895257,1748593329.1031218
8025,3543384495.9459157,1265194069.5866764
8026,3387984404.2084923,1026328845.8307562
8027,3343402095.4916635,904291344.8176676
8028,3215196655.4362698,685601781.2652394
8029,3344052835.9109044,787836086.8481896
8030,3445096409.52852,698961408.8633871
8031,3452135582.69436,725588275.3366046
8032,3518432376.937375,796802885.2785726
8033,3229457808.3358974,749031731.9500657
8034,2523448386.7854314,961200252.0877646
8035,2476480937.8201165,942295118.6941594
8036,1964056159.128939,1220372080.694059
8037,1932633990.2381094,1493918721.6469676
8038,1073325028.0986018,-133231832.93677373
8039,1049492429.0771118,-1389487.753256598
8040,856580844.7664845,-88950718.18280545
8041,841414006.3589816,-54304947.0285794
8042,820250796.2028078,-23297254.64689476
8043,810350684.8719028,6664699.235384109
8044,815760458.8567541,38978200.73458761
8045,962124860.3950493,41368304.275316425
8046,1414678884.51655,2686985953.140849
8047,1450026583.9191263,2378554567.0531545
8048,2350629708.951965,1791930187.4590178
8049,2165921882.4029927,1486023123.1751063
8050,1947366240.1884742,1148517660.6580198
8051,1887065114.7609196,871378044.0887179
8052,1880054761.856694,668713559.168749
8053,1894887706.9894042,588641635.0705966
8054,1142635648.4798775,1205096660.165
8055,1127325763.1641214,1214017264.233844
8056,1272958411.2307131,1427901522.9808288
8057,1224730866.6196613,1453153470.6617842
8058,1121275089.8249707,-46625043.488943405
8059,1035048908.9427915,-85306092.17791994
8060,1052211726.2003443,-56713601.06094985
8061,1105412347.539479,-117685793.47082496
8062,977575859.5527309,-201726067.83976585
8063,879712092.1776073,-188152200.2499138
8064,835661200.9676067,-91841684.99785835
8065,820623702.2707604,-48302589.909555376
8066,803282339.9778447,-8072757.036067615
8067,794942388.9067342,24353866.088636827
8068,814302575.3790277,48681926.538812734
8069,950191690.4872621,57107850.83054655
8070,1076499123.0087624,140338087.0644695
8071,1123019770.0524137,215380281.78182775
8072,1132974885.907008,80460009.92632048
8073,965552714.1940523,-139896915.46307334
8074,750044638.9118779,-265308423.54415777
8075,800389418.3517201,-228390762.76652703
8076,777520540.7612633,-217630750.14411953
8077,722563113.5968117,-148855711.72059134
8078,757621907.4500409,-261234590.0856031
8079,782810816.1003993,-353536016.7322845
8080,1279136491.2141924,-79026568.8896621
8081,1191357706.6042273,-144151161.54622114
8082,1069663273.2739415,-151021390.6859694
8083,933516533.1442091,-178830396.3324282
8084,953786315.190359,-83848969.24622619
8085,1051499303.3919183,-102417647.64437044
8086,973015228.8856683,-216009946.40382314
8087,876275627.4467808,-216153258.045133
8088,1075515016.5146368,-90947624.04775769
8089,1066140347.758274,-48201471.54335197
8090,1058259763.539957,-14938621.354253137
8091,1051512307.656305,15762442.312649222
8092,1079980399.7317321,16277491.257052204
8093,1251108435.3282814,2581408.663443515
8094,1417356708.580387,2818333618.547256
8095,1769425375.9197345,2795467045.8503366
8096,3676860265.6106095,1873701118.3504658
8097,3552138650.411072,1461092717.3492727
8098,3393527559.769958,1134621523.7427857
8099,3358172128.102071,943170992.8877487
8100,3200340425.640975,786994040.0217116
8101,3334512802.116868,851908030.0378685
8102,3418805477.3380437,767062809.8257328
8103,3430093178.825666,772814189.7048995
8104,3509207432.9547615,851481368.730111
8105,3241863173.627562,831368998.4392787
8106,2523783070.860085,1079643686.2790694
8107,2485300552.940462,1107866622.503728
8108,1969630770.9515562,1403668033.6645122
8109,1928407604.3124442,1644287915.6886528
8110,1153489991.643479,-135484080.8631461
8111,1090435476.8320029,23360141.71285367
8112,1072110008.0449616,-92948894.73427267
8113,1062534651.8571182,-45505466.75810133
8114,1054649850.0395408,-11383474.191403735
8115,1047219143.0756814,33217363.742035042
8116,1078081074.1980696,37355214.583509855
8117,1248679098.154211,13887023.981193164
8118,1418799478.9940965,2883119210.062443
8119,1772348875.140498,2861142333.494061
8120,3673382152.087085,1916362156.834398
8121,3552292548.8507557,1515220505.8136458
8122,3389440091.019937,1168888646.626444
8123,3363487884.7700725,967010193.322898
8124,3195152646.7505355,821245886.0299006
8125,3332569016.057667,874001665.5830532
8126,3409599161.0854974,790270566.0748062
8127,3424431930.4849052,789877368.3990296
8128,3507124290.38666,854564023.9587941
8129,3245559284.3128657,859223834.7121462
8130,2519335788.1731496,1114738306.583997
8131,2485966757.890325,1166812810.2382324
8132,1972019689.4660463,1466765894.1754403
8133,1925615202.1353626,1688317689.4676335
8134,1167538111.847124,-137305666.3953284
8135,1095125798.6763272,40682663.55483647
8136,1068590069.9954369,-89440305.66809246
8137,1058858662.6349536,-40708527.860653214
8138,1050093436.9717387,6693070.5755419005
8139,1043510115.9926425,45914629.668037385
8140,1078500373.857888,44808874.87214398
8141,1246084044.475862,23809718.333815593
8142,1416884688.929812,2921517636.555232
8143,1776320799.2441103,2931670211.5101585
8144,3670304007.5601015,1954563802.621734
8145,3551291396.2262855,1568013022.6149514
8146,3384880514.7526894,1203805036.71756
8147,3368900821.954369,1001845834.2151031
8148,3189476329.2790833,853734344.1267438
8149,3332858624.540224,892083302.6418221
8150,3400946536.535874,813175694.6955298
8151,3419733524.9086647,808124141.206922
8152,3504468257.252336,845622686.987527
8153,3249895942.885864,887395484.2834424
8154,2513816532.340827,1153104360.650196
8155,2484967889.798787,1214466113.3845453
8156,1974830016.4399855,1526546126.5635579
8157,1923563340.0951104,1733321182.1902347
8158,1178299667.826994,-136263928.98235515
8159,1093913941.8221323,66710458.26856826
8160,1063746860.1779181,-73254092.37294224
8161,1055233636.0705204,-35347072.04109109
8162,1047284515.8642198,10505014.740332337
8163,1041514840.0758026,49763674.81611109
8164,1076839342.6824458,70815936.68345277
8165,1240829970.1970458,42462783.28217276
8166,1417514165.6194472,2976604230.822886
8167,1782653173.0672045,3007183443.2211623
8168,3667225687.2998157,1990096723.7585864
8169,3545732556.4675694,1627070513.299306
8170,3380432001.932636,1246421335.7804742
8171,3373188890.2692194,1042429217.6351726
8172,3183539531.1199675,887355473.4191173
8173,3335105023.3463683,909287610.5664808
8174,3392588309.201301,835840758.1303029
8175,3415823458.9275403,828341267.21526
8176,3500604584.863077,826270159.3837413
8177,3248397816.4818597,917868486.0236918
8178,2509626171.742179,1187877439.1000018
8179,2483863757.4590387,1261244997.27779
8180,1976965176.0656333,1586670452.3848712
8181,1921552951.1142535,1779180543.6742628
8182,1185121986.0975206,-125860376.78757116
8183,1094545175.844793,85674153.01814023
8184,1060126051.2127455,-65841897.88915412
8185,1050975266.6837963,-16080022.192908898
8186,1044348715.3122797,25156993.256180458
8187,1039952571.016378,57546151.662471406
8188,1077920453.959564,82976329.55723844
8189,1234717263.0021048,65321353.80622716
8190,1416072801.072158,3014813515.047957
8191,1788539887.2351015,3078425515.1654625
8192,3663866896.6887045,2025474329.9948313
8193,3543054029.4705224,1677088458.5272317
8194,3376296645.8576775,1288197042.9574313
8195,3374568748.1606255,1082387704.1015103
8196,3177915011.039434,920001428.8273493
8197,3339432455.920984,926399893.5031917
8198,3385865412.046676,858936120.2241358
8199,3412428071.8561783,852064799.8789968
8200,3495947300.879627,807065671.9779583
8201,3248928531.0554776,945553821.725873
8202,2506480018.4271193,1225964872.056446
8203,2482368969.9877825,1302235764.043715
8204,1977916947.6320949,1643632464.9839816
8205,1919551348.7985227,1823245599.7608755
8206,1189298112.298664,-110990157.19358619
8207,1093464767.500885,101968395.64696819
8208,812967705.2130672,-4551073.5051992
8209,804188772.3522556,40793602.76955604
8210,797995930.7713643,85619592.74860601
8211,794042985.8644242,123576081.05816817
8212,836117404.620955,180283842.8012491
8213,933263125.7219718,191005299.49985242
8214,1416771165.2163825,3065833914.294791
8215,1456161784.9767902,2805777481.8517823
8216,2323730388.0681553,2182024475.1044827
8217,2179128415.820858,1925895654.5976765
8218,1995604328.7976773,1677359077.4641213
8219,1935688059.302647,1368703994.2713366
8220,1941714657.179352,1131348635.0409932
8221,1908339388.3642879,916939142.7659589
8222,1087484914.682651,1456171744.7724168
8223,1097034613.8083262,1463423168.328644
8224,1309484226.6934,1590269611.4984784
8225,1237641465.1560783,1772318680.4425097
8226,1176572912.3964083,-30531218.91687111
8227,1039493907.0967944,94564203.33604509
8228,1113825227.9311364,16687420.748819267
8229,1078071233.1331282,-81703659.44814089
8230,951376835.8794736,-130738792.35419036
8231,842199182.754652,-42253674.693862155
8232,791772160.1292292,27839903.576742887
8233,784526324.5996233,76714993.02549201
8234,778946440.7779305,125252172.53825924
8235,774987520.9387046,166916940.50049683
8236,832096275.1926361,177523093.16281787
8237,939099404.432045,241473548.8190006
8238,1114809510.1585646,387062535.77922815
8239,1155541150.7505212,352907079.58054954
8240,1137868355.4490483,250677866.28942254
8241,1029682365.3503609,24419338.41207788
8242,710094132.8496336,-85429762.1221975
8243,757414542.1530645,-134649672.47440284
8244,794749785.2071695,-250697910.83315563
8245,777917698.024964,-125653775.2336016
8246,780829598.847761,-272226665.72109616
8247,817400402.0358936,-323659540.60560924
8248,1172189420.8982882,-139597197.7157654
8249,1113379744.009242,-41262132.72886037
8250,1096809323.7144923,-49291949.4637758
8251,1012377204.1177648,18198740.214917
8252,1098549962.0759773,31017129.939285297
8253,1044827061.3617458,21291580.027246494
8254,946877536.1349913,-55028779.93773331
8255,844855918.8221865,-28467385.7879569
8256,1051281745.5633955,-27526766.741187047
8257,1044808785.0982835,18611943.322856117
8258,1040663236.4917789,62877781.201354824
8259,1035453095.5385932,119050124.83274
8260,1080406025.7904415,161147373.86481878
8261,1228654112.598475,103259655.35927793
8262,1418025198.0631826,3147801625.8916926
8263,1798214005.5389626,3239244637.631036
8264,3653792985.1216044,2144617590.576695
8265,3530024283.754995,1822848400.9986663
8266,3379351066.38882,1441346992.0697103
8267,3368677377.0602117,1190878617.659514
8268,3161659900.222735,1015003588.8159742
8269,3358137860.108079,982089924.3518944
8270,3385444003.5872273,945095879.1969157
8271,3420159941.7672358,939566377.7471883
8272,3497094839.345099,808785411.6736767
8273,3252241674.941259,1041564619.2306204
8274,2510915439.116135,1345867975.3253562
8275,2476173668.140656,1410767415.936304
8276,1975327693.152729,1803737393.521352
8277,1912696695.600332,1945607188.7749972
8278,1190602756.336591,-50685782.48280986
8279,1090846341.2933004,154948236.04034138
8280,1049741267.4334837,-15346004.700108603
8281,1043773364.4798212,34370404.10485811
8282,1038352343.5636085,92730978.2796955
8283,1033576615.3342584,151024625.19057092
8284,1082193584.9437,192243090.14801863
8285,1227608323.715164,121665380.41907999
8286,1423205288.6216369,3202660158.2326937
8287,1803001683.6328843,3293037062.3053384
8288,3650701660.5969324,2178129599.33
8289,3526429834.7852006,1864343668.3902178
8290,3388742078.3423176,1499418396.8160164
8291,3364328153.556083,1226247130.5175033
8292,3158145717.438868,1049140130.787881
8293,3361850050.390563,1004518559.9520192
8294,3389851394.814491,979171677.4020743
8295,3425251111.2746134,970091757.3461905
8296,3502899837.5273232,831866588.0974307
8297,3255156036.030291,1082776173.220594
8298,2516353681.8959947,1390372787.1844149
8299,2473184971.864657,1439661807.2113636
8300,1973195345.2599216,1852560832.5816088
8301,1910966425.503696,1986142559.1578767
8302,1189513912.7941618,-24849676.18270827
8303,1089063351.2059076,174724878.8059731
8304,1048527301.7796586,-755861.1563992565
8305,1042898564.0998644,53144229.116451
8306,1037592824.2301065,116107507.6291947
8307,1033006536.5008756,178587745.8889955
8308,1082009416.4426565,234717168.77501374
8309,1225373347.5736833,144037273.3388892
8310,1432146247.5873742,3265276797.1663303
8311,1808004810.7556984,3346876772.546571
8312,3647706110.7221346,2211460831.723582
8313,3518582628.9110317,1916961956.0641441
8314,3395716581.6528287,1557750599.650696
8315,3360577653.413649,1260696848.4365363
8316,3156394227.5459523,1083522557.7078218
8317,3364693415.225376,1032493428.817862
8318,3395186657.879072,1013579929.5162615
8319,3430866141.756811,1001775997.0700994
8320,3511285479.2570896,862718601.8433777
8321,3258559287.166941,1126884513.7877038
8322,2521883130.259864,1434658266.7599459
8323,2470671458.4386783,1472891921.2387419
8324,1971558213.8136225,1899366996.6096206
8325,1908319881.9677079,2022903813.8295093
8326,1187638838.4562473,102553.75093904759
8327,1088575164.0915003,189093143.92024332
8328,1047519647.0229949,17065341.549126256
8329,1042156618.0966146,75220769.110515
8330,1037077925.6537157,142285524.9517107
8331,1033016377.5658168,207374471.56550738
8332,1084695675.7050147,266879356.46004236
8333,1223346439.6623895,166161826.3701433
8334,1441428480.6266103,3323922539.683266
8335,1813513698.3231723,3404852878.688757
8336,3645105433.5781045,2246200082.8062763
8337,3515267244.425643,1955710295.752213
8338,3397723807.4342403,1608271226.828597
8339,3356375870.150337,1296184666.4172404
8340,3156441455.871005,1117154962.7892325
8341,3366903085.7712936,1071669884.7542092
8342,3402443037.4068294,1048611987.3787898
8343,3437206072.111913,1035720486.8932457
8344,3521676765.168545,900549965.2681414
8345,3260822732.1034303,1171950205.2175741
8346,2528581205.085507,1483304203.0766513
8347,2468245987.397263,1506784033.2031353
8348,1970031794.3479125,1942006938.4559996
8349,1907206435.7629256,2060882126.2468853
8350,1185704014.795475,19722062.940312263
8351,1086350731.9481711,208113581.3501309
8352,1045524019.6395499,41373760.302269846
8353,1040141660.0498922,105450795.78377198
8354,1035827407.472966,175447256.7746061
8355,1033875010.4819415,236300144.06176642
8356,1088292584.941044,298529405.0817098
8357,1225800730.9654179,185361948.95436352
8358,1448141492.782968,3408166505.725135
8359,1819541350.5996926,3463289837.2409425
8360,3642851653.973254,2281550408.9077544
8361,3512116522.0447183,1992796365.8951392
8362,3397212072.057295,1655003188.8900423
8363,3351903633.3344436,1332132973.0728133
8364,3157294201.721495,1152818464.8378367
8365,3368322220.055814,1105133153.0000637
8366,3408180817.6008387,1078113816.32133
8367,3439300988.8112836,1066066908.8081756
8368,3533281412.6505976,944679038.7376744
8369,3261478393.0551414,1214953882.1941812
8370,2534516597.378203,1529674248.6835196
8371,2466060743.7803965,1540341508.847719
8372,1968747886.8396835,1984807651.2299395
8373,1906399116.9711373,2099523891.5417972
8374,1183313690.4145646,39083683.92235376
8375,1085273838.2703135,223705451.4424884
8376,798934346.6068342,149950515.35100734
8377,797505283.3907217,206522240.15538296
8378,798118944.08313,254915744.29171008
8379,801024869.9736413,282809863.95864224
8380,876483344.2103623,287175049.2565096
8381,940058732.5305151,361866967.0434582
8382,1432489630.460503,3480597082.2074556
8383,1466076833.6384094,3128990699.8968163
8384,2305210206.781919,2623337033.9076257
8385,2175545740.9823327,2296647235.487871
8386,1996182491.362976,1994207294.4652941
8387,1949178050.5374806,1711662210.1256726
8388,1985249771.1464493,1592151577.0622785
8389,1987921971.7446058,1475495537.3009145
8390,1056843001.6550211,1668615248.6685681
8391,1063855814.825482,1672514489.2646134
8392,1317822068.9648802,1788630018.6224585
8393,1388010477.1922553,2509303524.435206
8394,1175079706.5248752,67047640.734289706
8395,1120136689.4912302,108548364.15279444
8396,1105926718.9159622,164763628.5295465
8397,1056047105.5278969,80757181.52771683
8398,939148258.2901462,92005.43216243283
8399,849059107.9519185,121877801.7351332
8400,781471376.8685731,191123149.68204632
8401,781320246.2284038,248192827.8797042
8402,794422218.3312677,298030360.4830369
8403,812697778.8603927,340558271.90930575
8404,877978307.4149208,271948005.4997709
8405,942485082.2384425,397460995.6821889
8406,1138151461.799412,511200243.43425375
8407,1174581678.3455265,540195753.0755166
8408,1169778184.2543778,432640002.5373294
8409,1050568971.2883644,230801923.8332385
8410,781888216.2621564,46776681.92667797
8411,723702216.8637621,66002265.970014155
8412,766003331.5805467,-78339109.493531
8413,792171074.7259551,-80861976.35679308
8414,797937587.3149269,-218065777.35987234
8415,830084480.3453591,-261006891.8940803
8416,998885104.0833011,113886540.92402194
8417,1120940669.3502705,8991149.128323006
8418,1146137134.5326371,60487313.92549578
8419,1103803860.621491,131817955.37400658
8420,1101710525.5218434,211022734.92169517
8421,1025661587.3886471,182753240.60036764
8422,932939249.245423,42704303.408644214
8423,850958433.4855812,123801596.8389096
8424,1044733219.7781988,111803793.56833588
8425,1041080427.3519671,185341579.78707075
8426,1040805229.000217,260275381.43562105
8427,1045677962.0125595,329898650.1828412
8428,1105102881.193737,366410382.55513734
8429,1239181064.6194775,240822826.67102253
8430,1409093552.9624789,3603158361.8080726
8431,1835662420.8398921,3651281247.00751
8432,3639798419.6419034,2413398210.1182246
8433,3501954040.8931475,2105755401.7928648
8434,3391996834.838336,1775466080.5243733
8435,3337691202.49294,1456936316.0161562
8436,3162157269.4021993,1256784513.375803
8437,3366218165.2247124,1191240534.114091
8438,3424777070.691059,1138093011.8256824
8439,3439295628.9455566,1128253249.082752
8440,3572857079.5785613,1090745609.9238913
8441,3258740116.7352366,1330385953.2423277
8442,2548630266.1036887,1661474036.8568
8443,2460127636.0206337,1635889635.2668164
8444,1966610618.4144053,2108247714.9051876
8445,1906907337.6820323,2220724074.2851005
8446,1176974287.2593696,86026976.09446147
8447,1079057096.9602792,274002017.7801689
8448,1043448609.3367597,143985622.9503968
8449,1041578806.9979208,218641530.95945287
8450,1043149159.7892615,295292162.4226798
8451,1054405229.2824296,359875517.2054594
8452,1106538973.7419505,370701002.15130794
8453,1242847212.776701,257897281.15418977
8454,1401544401.7527194,3661291965.2616477
8455,1830806909.691197,3735170935.0325365
8456,3640608022.9666243,2452042157.823918
8457,3500180540.404091,2138073631.8487613
8458,3388737509.276452,1813947802.361985
8459,3335184718.399062,1505466220.826319
8460,3164388291.544373,1289913509.0369778
8461,3363736459.52649,1216639794.5227885
8462,3425183541.8197937,1154576760.4573593
8463,3437393140.2124486,1139845851.4182518
8464,3586986740.0345764,1137911144.2605684
8465,3257526326.814714,1364637071.7802563
8466,2550556478.8326373,1700854911.9363353
8467,2459185881.2524157,1667638983.579036
8468,1966806385.3134153,2148636136.295455
8469,1908295982.2385647,2263289086.6946526
8470,1175887201.0499659,98078612.16430895
8471,1077299412.4684496,290314810.9006385
8472,1044681905.6538622,169854465.41221893
8473,1044677336.5879967,245401524.4903338
8474,1050880019.2338291,321390158.0165456
8475,1047992369.6067802,365402108.77414507
8476,1097470432.3985817,387805282.9151539
8477,1243726933.6891284,279291454.04394585
8478,1398308097.253466,3720036643.734006
8479,1822313016.2470765,3810316430.5268793
8480,3642622937.0800214,2493185693.3445387
8481,3495657516.663768,2183564893.3809986
8482,3385882546.043672,1850807265.518779
8483,3337069458.068616,1555363769.7261393
8484,3166414584.389108,1322146625.0724008
8485,3360598565.6766496,1242588658.713261
8486,3424739288.031017,1167760703.9876068
8487,3434590721.237123,1149673610.9018846
8488,3600568112.586722,1182538534.8585138
8489,3256644321.369354,1401205910.5679982
8490,2552044939.905002,1738897969.2068918
8491,2458659032.8114533,1697229563.893352
8492,1967456247.0661433,2187168781.0512986
8493,1910324998.9494889,2306937302.3220243
8494,1175390227.2704322,108923738.80718982
8495,1074719647.58742,302919324.3684327
8496,1046638168.7775422,194589909.2082503
8497,1050274090.8067317,271342386.50794107
8498,1053080903.1146203,340083233.82922786
8499,1041675460.3143082,371214596.15519005
8500,1089846770.2685528,397891658.076379
8501,1243723419.023078,302782196.2243367
8502,1395401116.9631395,3766702406.0017495
8503,1812360536.39202,3884714086.5934734
8504,3645532553.3698854,2533442078.882533
8505,3494777620.018038,2214923226.428223
8506,3384102719.155725,1882862878.8106508
8507,3341248044.5359945,1604168294.5596242
8508,3167392715.950948,1352047107.7176712
8509,3357569802.207675,1267008380.4162543
8510,3423350467.741182,1179438784.07871
8511,3431402040.462853,1161046880.9538567
8512,3611848609.0089407,1224996609.139779
8513,3256448642.336995,1437757653.8046196
8514,2553261717.291668,1775048876.3300018
8515,2458444286.7157707,1726619726.1509123
8516,1968697275.648557,2227434987.437809
8517,1913019693.4103682,2351532684.2285094
8518,1173890167.8001006,138643081.35760656
8519,1071174052.4757271,318178376.8166315
8520,1050034039.115486,220023724.45431963
8521,1054551087.9235232,293829219.7289024
8522,1050543314.2261962,356269447.1243781
8523,1034773710.5910413,377845487.5792482
8524,1082174254.2804224,406229194.73146737
8525,1251827536.0022032,325335229.2389995
8526,1393717943.3915794,3816288233.894964
8527,1803271961.452164,3955659896.2742033
8528,3647667888.728836,2591698624.8101254
8529,3492565313.472583,2257217983.6360154
8530,3382330273.0664835,1915177471.5152452
8531,3343613414.7879467,1647683383.129332
8532,3168484810.559474,1381651146.2318056
8533,3354331740.3753963,1292836120.8083606
8534,3421090186.004138,1193269812.4056334
8535,3428182254.894037,1177697947.7454383
8536,3620977954.074982,1271535791.5822034
8537,3257246032.1971908,1475922926.0789325
8538,2554361983.4987607,1809829229.482412
8539,2458445868.3154936,1754881582.0345051
8540,1970253218.3090909,2266338642.026485
8541,1916344567.4940932,2396491801.265223
8542,1174180479.2158678,149967610.90212807
8543,1061931535.1628611,330115436.3204571
8544,817568403.073105,307162294.6625434
8545,832561968.4443207,330565740.4116795
8546,827707511.6954404,354937812.812613
8547,821199053.1032189,381553403.4967934
8548,853976125.7564967,227757460.79322937
8549,933136246.2775506,425834518.2507617
8550,1392097682.3423226,3859380662.243347
8551,1436094974.8950539,3585726719.4270215
8552,2314556582.476576,3033632079.480568
8553,2170294126.9697514,2556701485.520099
8554,1978709680.5597737,2223349514.455087
8555,1944109199.159523,1936833897.4338956
8556,1973915324.600356,1818438840.0149112
8557,1982525202.024141,1730567707.2544081
8558,1067462916.5930579,1851978856.3732438
8559,1065728428.8971612,1868791421.5626469
8560,1352434851.6963074,2125831398.5706742
8561,1388167934.2313154,2842188459.593005
8562,1181015626.0174785,141766838.65600544
8563,1119538493.329444,220618795.12737277
8564,1103234660.4546208,298065279.0555388
8565,1055255075.5334282,233675795.0971707
8566,944134690.7492208,210581160.47359827
8567,878043680.2034591,237223667.55741554
8568,827230220.0457895,352071943.7215459
8569,846657888.1062516,383972969.5830707
8570,835569819.650295,403960214.9891045
8571,830993021.5194002,421820337.35356444
8572,896261073.0094492,199740398.65228012
8573,958092484.0353692,470738711.2828107
8574,1159718331.35148,510941264.02153134
8575,1164021512.7303472,602932060.866998
8576,1193774215.2472136,583929082.7233614
8577,1057747852.4297092,395639410.1500066
8578,813068224.6621101,155955418.61594296
8579,754996451.9103554,166883476.86851585
8580,738854996.6070632,96826635.84606384
8581,733550662.6037254,176168179.8027182
8582,757493973.6058046,36546995.12414303
8583,766397677.1114072,-2018749.5285512025
8584,961313324.0040007,160088177.16559458
8585,1128569076.2794676,102831902.84612969
8586,1183610679.6958275,149558772.61575168
8587,1121875219.0530849,261877270.9491456
8588,1102836097.3244998,349246449.22993404
8589,1017433051.2313358,344245818.6595582
8590,949458706.882441,254304305.53779665
8591,884451970.8132429,241950041.8395994
8592,839916055.6882802,365656723.36530477
8593,843013530.878541,393145642.0971628
8594,833626560.7910017,412379228.313364
8595,831202495.616007,429975278.97327834
8596,908396160.4818347,204439856.5348271
8597,961164302.1634616,459823383.7597958
8598,1157361044.8314438,506293820.262607
8599,1158050798.0438445,580195705.3467002
8600,1181147250.2610679,593191961.54975
8601,1060548162.6054044,418106601.6739356
8602,820634246.2689117,168493368.55490538
8603,763051363.5647746,172790535.3834201
8604,737366887.0013031,111327300.54773708
8605,723432290.5110877,202473504.42081404
8606,753578987.0922093,46069580.83351455
8607,758261225.2046176,5554579.617927964
8608,958791902.5794085,163202113.6154773
8609,1131437746.709844,123400033.25513777
8610,1185087893.8368313,167736799.48403096
8611,1126399824.3931305,271097229.03016734
8612,1108812259.7433808,366091023.1107971
8613,1022320897.3076953,366889057.98651755
8614,956391912.8668593,282453039.7958885
8615,875746318.7395831,253618664.8173167
8616,1046757315.9566524,305956876.4409675
8617,1040499101.5872228,357583985.8850224
8618,1023942212.7567674,372016268.38221276
8619,1017269970.7265949,403114894.5464544
8620,1062732879.0223635,419021031.791329
8621,1246752358.225355,376286518.8110906
8622,1387764450.568724,3973802277.09972
8623,1777682732.3386593,4203086353.790302
8624,3665875264.7365823,2747536940.2699203
8625,3498265398.873201,2394398141.85563
8626,3377441196.857006,2032731937.0482724
8627,3339814060.787411,1778330130.9397893
8628,3173041091.827299,1502255894.5669258
8629,3343670176.6446614,1395630942.2269921
8630,3409922510.3621387,1278414386.6299467
8631,3413368288.957999,1265437772.1239293
8632,3636758453.1748934,1435701459.11344
8633,3266488022.310149,1643610277.1410377
8634,2558786069.389764,1935433880.9176478
8635,2459332970.026627,1869750954.8361886
8636,1979435986.299099,2423667180.3148246
8637,1933262061.0613246,2582365545.103603
8638,1167615434.500234,208774124.3466251
8639,1035187035.3185742,342980747.8766248
8640,1042249405.2803465,320651775.70218253
8641,1030083740.2133222,355459045.2542299
8642,1020201553.6792746,373210774.5498818
8643,1013026362.9372828,399418618.1530765
8644,1063004211.2414582,410154624.256889
8645,1244207740.0048296,386406357.6042966
8646,1387047810.1610372,4009014020.116581
8647,1773723461.0328286,4258567600.674254
8648,3671108075.2857933,2785131512.1249056
8649,3501255325.282318,2429756470.129973
8650,3376908549.2170606,2059733086.9704947
8651,3338098200.8215823,1805475319.9735818
8652,3175783717.5464416,1535503104.1454248
8653,3341588439.942981,1421268449.1459892
8654,3407105681.2560062,1302718440.5615277
8655,3410544079.0531607,1290881044.4833846
8656,3636079068.2273417,1465444080.7121913
8657,3269242114.627281,1680193301.5988586
8658,2560016905.440631,1964918978.0441976
8659,2459710972.360353,1897703635.8590875
8660,1982626951.6063018,2460603755.319227
8661,1927879350.0050619,2635041302.9281054
8662,1163960533.2743719,221572872.37396106
8663,1030921988.0663543,342990932.46027124
8664,1038832446.9460999,333440702.88100237
8665,1026072803.3165497,354130684.55863684
8666,1016147737.8566866,371739102.21297896
8667,1008879759.930963,394006966.8855429
8668,1061922397.03113,381159114.61562616
8669,1240722245.6825995,393288953.73847264
8670,1386528342.518781,4043309878.0755277
8671,1770084727.2707987,4310066675.3524685
8672,3676367773.03029,2820422185.6650257
8673,3505527753.333244,2467147714.0471606
8674,3375103943.933458,2092800611.394661
8675,3335084726.149927,1832909678.4359057
8676,3179256471.204239,1568437137.7767973
8677,3339744821.8662176,1446377812.6558952
8678,3404431371.8582196,1329146343.9185104
8679,3408076432.0191402,1317003410.3309755
8680,3633506508.411715,1490982287.9406362
8681,3271783833.2483144,1715363578.8108737
8682,2561181138.5698423,1995282131.775118
8683,2460202146.940903,1926695508.149048
8684,1986229484.308012,2498705737.6808805
8685,1922540923.7410347,2692120438.239149
8686,1161195896.9590888,230406180.01155037
8687,1027896563.5301276,339484525.8048724
8688,1037536589.5732993,343358304.9418016
8689,1022273097.8494092,352002834.0468025
8690,1012448200.3719839,369251153.9222188
8691,1006088060.6870914,388988877.0289161
8692,1060986089.9952904,365706918.81327623
8693,1237223395.6293774,407310943.00876576
8694,1386214131.3738708,4076900089.8818316
8695,1766590446.2834423,4357216205.343415
8696,3681508147.8623743,2855358944.9234343
8697,3506912531.7571206,2512986706.363896
8698,3374231252.3531313,2122460665.1188505
8699,3333619461.873495,1856684861.4881349
8700,3183560619.11627,1600957968.300231
8701,3337451150.8016944,1471368234.7782164
8702,3402388120.749791,1352556336.8999906
8703,3406053917.4404097,1341532616.3081677
8704,3630380388.6931434,1513959436.1171448
8705,3274017667.1233287,1747662167.1697378
8706,2562211990.122439,2024388580.6311004
8707,2460776794.8401513,1954489964.3902977
8708,1989899147.131286,2534913387.484306
8709,1915314067.4081013,2735949793.961374
8710,1157729381.833531,237181838.0174393
8711,1024658150.231244,332436793.9215728
8712,820915419.5529476,357164963.0149996
8713,818437931.4539862,380257051.49266046
8714,818131804.040992,398379790.62114507
8715,824546421.0496665,382408908.5230899
8716,941200296.0637009,221281520.53464836
8717,943332292.4899033,338559547.36870235
8718,1385641943.7408576,4109199405.7109566
8719,1411132762.2049496,3994581737.6193905
8720,2329309920.423243,3393081136.80162
8721,2172211025.8336663,2820791740.5573378
8722,1964891068.0492232,2418889155.6441483
8723,1940998368.2382705,2161603293.6880865
8724,1957086400.617596,1994191290.119564
8725,1964262997.226008,1879857335.4295762
8726,1096517957.89891,2115088117.7642572
8727,1083253256.7579103,2103458050.710344
8728,1353101232.3794725,2387976761.8665833
8729,1382859734.0953221,3062955314.4741664
8730,1160387348.034183,179807713.5157805
8731,1087120971.013127,273015568.10699034
8732,1074201761.5448864,360395658.44168556
8733,1033266621.7886088,305246137.9965018
8734,995245667.388061,363876239.90283823
8735,843414554.2748972,272965372.6590188
8736,832238619.1676793,404056968.53374517
8737,833168599.8046281,420048219.7990932
8738,837388307.8647974,404365415.9241786
8739,819761554.6885853,310088180.05009824
8740,965242017.7151926,271818152.05827945
8741,985923367.1558499,378127382.305175
8742,1135539537.7240207,461877032.3050636
8743,1164291966.2829292,479713148.1509285
8744,1153979233.1577017,596708552.7887952
8745,1076708245.6387641,520701005.0358116
8746,847908757.7536064,266391223.91527626
8747,796888108.0322628,196306739.0229269
8748,739859488.1642815,170421164.7451143
8749,698781477.2330532,282777491.5320519
8750,736561677.0091451,106714411.62618437
8751,728511685.8871967,63547781.31123497
8752,970394166.6785458,163483644.60627383
8753,1172405924.326996,132633449.53597797
8754,1195864914.3473232,181620569.40483734
8755,1112188623.6847448,295316896.41153526
8756,1089985423.844243,421674115.83121276
8757,993066222.9701775,440674184.0938075
8758,989384258.8157271,372884140.402937
8759,838994510.2498525,235385713.94437298
